timestamp,open,high,low,close
1782000000000,161.255,161.255,161.255,161.255
1782000060000,161.255,161.255,161.255,161.255
1782000120000,161.255,161.255,161.255,161.255
1782000180000,161.255,161.255,161.255,161.255
1782000240000,161.255,161.255,161.255,161.255
1782000300000,161.255,161.255,161.255,161.255
1782000360000,161.255,161.255,161.255,161.255
1782000420000,161.255,161.255,161.255,161.255
1782000480000,161.255,161.255,161.255,161.255
1782000540000,161.255,161.255,161.255,161.255
1782000600000,161.255,161.255,161.255,161.255
1782000660000,161.255,161.255,161.255,161.255
1782000720000,161.255,161.255,161.255,161.255
1782000780000,161.255,161.255,161.255,161.255
1782000840000,161.255,161.255,161.255,161.255
1782000900000,161.255,161.255,161.255,161.255
1782000960000,161.255,161.255,161.255,161.255
1782001020000,161.255,161.255,161.255,161.255
1782001080000,161.255,161.255,161.255,161.255
1782001140000,161.255,161.255,161.255,161.255
1782001200000,161.255,161.255,161.255,161.255
1782001260000,161.255,161.255,161.255,161.255
1782001320000,161.255,161.255,161.255,161.255
1782001380000,161.255,161.255,161.255,161.255
1782001440000,161.255,161.255,161.255,161.255
1782001500000,161.255,161.255,161.255,161.255
1782001560000,161.255,161.255,161.255,161.255
1782001620000,161.255,161.255,161.255,161.255
1782001680000,161.255,161.255,161.255,161.255
1782001740000,161.255,161.255,161.255,161.255
1782001800000,161.255,161.255,161.255,161.255
1782001860000,161.255,161.255,161.255,161.255
1782001920000,161.255,161.255,161.255,161.255
1782001980000,161.255,161.255,161.255,161.255
1782002040000,161.255,161.255,161.255,161.255
1782002100000,161.255,161.255,161.255,161.255
1782002160000,161.255,161.255,161.255,161.255
1782002220000,161.255,161.255,161.255,161.255
1782002280000,161.255,161.255,161.255,161.255
1782002340000,161.255,161.255,161.255,161.255
1782002400000,161.255,161.255,161.255,161.255
1782002460000,161.255,161.255,161.255,161.255
1782002520000,161.255,161.255,161.255,161.255
1782002580000,161.255,161.255,161.255,161.255
1782002640000,161.255,161.255,161.255,161.255
1782002700000,161.255,161.255,161.255,161.255
1782002760000,161.255,161.255,161.255,161.255
1782002820000,161.255,161.255,161.255,161.255
1782002880000,161.255,161.255,161.255,161.255
1782002940000,161.255,161.255,161.255,161.255
1782003000000,161.255,161.255,161.255,161.255
1782003060000,161.255,161.255,161.255,161.255
1782003120000,161.255,161.255,161.255,161.255
1782003180000,161.255,161.255,161.255,161.255
1782003240000,161.255,161.255,161.255,161.255
1782003300000,161.255,161.255,161.255,161.255
1782003360000,161.255,161.255,161.255,161.255
1782003420000,161.255,161.255,161.255,161.255
1782003480000,161.255,161.255,161.255,161.255
1782003540000,161.255,161.255,161.255,161.255
1782003600000,161.255,161.255,161.255,161.255
1782003660000,161.255,161.255,161.255,161.255
1782003720000,161.255,161.255,161.255,161.255
1782003780000,161.255,161.255,161.255,161.255
1782003840000,161.255,161.255,161.255,161.255
1782003900000,161.255,161.255,161.255,161.255
1782003960000,161.255,161.255,161.255,161.255
1782004020000,161.255,161.255,161.255,161.255
1782004080000,161.255,161.255,161.255,161.255
1782004140000,161.255,161.255,161.255,161.255
1782004200000,161.255,161.255,161.255,161.255
1782004260000,161.255,161.255,161.255,161.255
1782004320000,161.255,161.255,161.255,161.255
1782004380000,161.255,161.255,161.255,161.255
1782004440000,161.255,161.255,161.255,161.255
1782004500000,161.255,161.255,161.255,161.255
1782004560000,161.255,161.255,161.255,161.255
1782004620000,161.255,161.255,161.255,161.255
1782004680000,161.255,161.255,161.255,161.255
1782004740000,161.255,161.255,161.255,161.255
1782004800000,161.255,161.255,161.255,161.255
1782004860000,161.255,161.255,161.255,161.255
1782004920000,161.255,161.255,161.255,161.255
1782004980000,161.255,161.255,161.255,161.255
1782005040000,161.255,161.255,161.255,161.255
1782005100000,161.255,161.255,161.255,161.255
1782005160000,161.255,161.255,161.255,161.255
1782005220000,161.255,161.255,161.255,161.255
1782005280000,161.255,161.255,161.255,161.255
1782005340000,161.255,161.255,161.255,161.255
1782005400000,161.255,161.255,161.255,161.255
1782005460000,161.255,161.255,161.255,161.255
1782005520000,161.255,161.255,161.255,161.255
1782005580000,161.255,161.255,161.255,161.255
1782005640000,161.255,161.255,161.255,161.255
1782005700000,161.255,161.255,161.255,161.255
1782005760000,161.255,161.255,161.255,161.255
1782005820000,161.255,161.255,161.255,161.255
1782005880000,161.255,161.255,161.255,161.255
1782005940000,161.255,161.255,161.255,161.255
1782006000000,161.255,161.255,161.255,161.255
1782006060000,161.255,161.255,161.255,161.255
1782006120000,161.255,161.255,161.255,161.255
1782006180000,161.255,161.255,161.255,161.255
1782006240000,161.255,161.255,161.255,161.255
1782006300000,161.255,161.255,161.255,161.255
1782006360000,161.255,161.255,161.255,161.255
1782006420000,161.255,161.255,161.255,161.255
1782006480000,161.255,161.255,161.255,161.255
1782006540000,161.255,161.255,161.255,161.255
1782006600000,161.255,161.255,161.255,161.255
1782006660000,161.255,161.255,161.255,161.255
1782006720000,161.255,161.255,161.255,161.255
1782006780000,161.255,161.255,161.255,161.255
1782006840000,161.255,161.255,161.255,161.255
1782006900000,161.255,161.255,161.255,161.255
1782006960000,161.255,161.255,161.255,161.255
1782007020000,161.255,161.255,161.255,161.255
1782007080000,161.255,161.255,161.255,161.255
1782007140000,161.255,161.255,161.255,161.255
1782007200000,161.255,161.255,161.255,161.255
1782007260000,161.255,161.255,161.255,161.255
1782007320000,161.255,161.255,161.255,161.255
1782007380000,161.255,161.255,161.255,161.255
1782007440000,161.255,161.255,161.255,161.255
1782007500000,161.255,161.255,161.255,161.255
1782007560000,161.255,161.255,161.255,161.255
1782007620000,161.255,161.255,161.255,161.255
1782007680000,161.255,161.255,161.255,161.255
1782007740000,161.255,161.255,161.255,161.255
1782007800000,161.255,161.255,161.255,161.255
1782007860000,161.255,161.255,161.255,161.255
1782007920000,161.255,161.255,161.255,161.255
1782007980000,161.255,161.255,161.255,161.255
1782008040000,161.255,161.255,161.255,161.255
1782008100000,161.255,161.255,161.255,161.255
1782008160000,161.255,161.255,161.255,161.255
1782008220000,161.255,161.255,161.255,161.255
1782008280000,161.255,161.255,161.255,161.255
1782008340000,161.255,161.255,161.255,161.255
1782008400000,161.255,161.255,161.255,161.255
1782008460000,161.255,161.255,161.255,161.255
1782008520000,161.255,161.255,161.255,161.255
1782008580000,161.255,161.255,161.255,161.255
1782008640000,161.255,161.255,161.255,161.255
1782008700000,161.255,161.255,161.255,161.255
1782008760000,161.255,161.255,161.255,161.255
1782008820000,161.255,161.255,161.255,161.255
1782008880000,161.255,161.255,161.255,161.255
1782008940000,161.255,161.255,161.255,161.255
1782009000000,161.255,161.255,161.255,161.255
1782009060000,161.255,161.255,161.255,161.255
1782009120000,161.255,161.255,161.255,161.255
1782009180000,161.255,161.255,161.255,161.255
1782009240000,161.255,161.255,161.255,161.255
1782009300000,161.255,161.255,161.255,161.255
1782009360000,161.255,161.255,161.255,161.255
1782009420000,161.255,161.255,161.255,161.255
1782009480000,161.255,161.255,161.255,161.255
1782009540000,161.255,161.255,161.255,161.255
1782009600000,161.255,161.255,161.255,161.255
1782009660000,161.255,161.255,161.255,161.255
1782009720000,161.255,161.255,161.255,161.255
1782009780000,161.255,161.255,161.255,161.255
1782009840000,161.255,161.255,161.255,161.255
1782009900000,161.255,161.255,161.255,161.255
1782009960000,161.255,161.255,161.255,161.255
1782010020000,161.255,161.255,161.255,161.255
1782010080000,161.255,161.255,161.255,161.255
1782010140000,161.255,161.255,161.255,161.255
1782010200000,161.255,161.255,161.255,161.255
1782010260000,161.255,161.255,161.255,161.255
1782010320000,161.255,161.255,161.255,161.255
1782010380000,161.255,161.255,161.255,161.255
1782010440000,161.255,161.255,161.255,161.255
1782010500000,161.255,161.255,161.255,161.255
1782010560000,161.255,161.255,161.255,161.255
1782010620000,161.255,161.255,161.255,161.255
1782010680000,161.255,161.255,161.255,161.255
1782010740000,161.255,161.255,161.255,161.255
1782010800000,161.255,161.255,161.255,161.255
1782010860000,161.255,161.255,161.255,161.255
1782010920000,161.255,161.255,161.255,161.255
1782010980000,161.255,161.255,161.255,161.255
1782011040000,161.255,161.255,161.255,161.255
1782011100000,161.255,161.255,161.255,161.255
1782011160000,161.255,161.255,161.255,161.255
1782011220000,161.255,161.255,161.255,161.255
1782011280000,161.255,161.255,161.255,161.255
1782011340000,161.255,161.255,161.255,161.255
1782011400000,161.255,161.255,161.255,161.255
1782011460000,161.255,161.255,161.255,161.255
1782011520000,161.255,161.255,161.255,161.255
1782011580000,161.255,161.255,161.255,161.255
1782011640000,161.255,161.255,161.255,161.255
1782011700000,161.255,161.255,161.255,161.255
1782011760000,161.255,161.255,161.255,161.255
1782011820000,161.255,161.255,161.255,161.255
1782011880000,161.255,161.255,161.255,161.255
1782011940000,161.255,161.255,161.255,161.255
1782012000000,161.255,161.255,161.255,161.255
1782012060000,161.255,161.255,161.255,161.255
1782012120000,161.255,161.255,161.255,161.255
1782012180000,161.255,161.255,161.255,161.255
1782012240000,161.255,161.255,161.255,161.255
1782012300000,161.255,161.255,161.255,161.255
1782012360000,161.255,161.255,161.255,161.255
1782012420000,161.255,161.255,161.255,161.255
1782012480000,161.255,161.255,161.255,161.255
1782012540000,161.255,161.255,161.255,161.255
1782012600000,161.255,161.255,161.255,161.255
1782012660000,161.255,161.255,161.255,161.255
1782012720000,161.255,161.255,161.255,161.255
1782012780000,161.255,161.255,161.255,161.255
1782012840000,161.255,161.255,161.255,161.255
1782012900000,161.255,161.255,161.255,161.255
1782012960000,161.255,161.255,161.255,161.255
1782013020000,161.255,161.255,161.255,161.255
1782013080000,161.255,161.255,161.255,161.255
1782013140000,161.255,161.255,161.255,161.255
1782013200000,161.255,161.255,161.255,161.255
1782013260000,161.255,161.255,161.255,161.255
1782013320000,161.255,161.255,161.255,161.255
1782013380000,161.255,161.255,161.255,161.255
1782013440000,161.255,161.255,161.255,161.255
1782013500000,161.255,161.255,161.255,161.255
1782013560000,161.255,161.255,161.255,161.255
1782013620000,161.255,161.255,161.255,161.255
1782013680000,161.255,161.255,161.255,161.255
1782013740000,161.255,161.255,161.255,161.255
1782013800000,161.255,161.255,161.255,161.255
1782013860000,161.255,161.255,161.255,161.255
1782013920000,161.255,161.255,161.255,161.255
1782013980000,161.255,161.255,161.255,161.255
1782014040000,161.255,161.255,161.255,161.255
1782014100000,161.255,161.255,161.255,161.255
1782014160000,161.255,161.255,161.255,161.255
1782014220000,161.255,161.255,161.255,161.255
1782014280000,161.255,161.255,161.255,161.255
1782014340000,161.255,161.255,161.255,161.255
1782014400000,161.255,161.255,161.255,161.255
1782014460000,161.255,161.255,161.255,161.255
1782014520000,161.255,161.255,161.255,161.255
1782014580000,161.255,161.255,161.255,161.255
1782014640000,161.255,161.255,161.255,161.255
1782014700000,161.255,161.255,161.255,161.255
1782014760000,161.255,161.255,161.255,161.255
1782014820000,161.255,161.255,161.255,161.255
1782014880000,161.255,161.255,161.255,161.255
1782014940000,161.255,161.255,161.255,161.255
1782015000000,161.255,161.255,161.255,161.255
1782015060000,161.255,161.255,161.255,161.255
1782015120000,161.255,161.255,161.255,161.255
1782015180000,161.255,161.255,161.255,161.255
1782015240000,161.255,161.255,161.255,161.255
1782015300000,161.255,161.255,161.255,161.255
1782015360000,161.255,161.255,161.255,161.255
1782015420000,161.255,161.255,161.255,161.255
1782015480000,161.255,161.255,161.255,161.255
1782015540000,161.255,161.255,161.255,161.255
1782015600000,161.255,161.255,161.255,161.255
1782015660000,161.255,161.255,161.255,161.255
1782015720000,161.255,161.255,161.255,161.255
1782015780000,161.255,161.255,161.255,161.255
1782015840000,161.255,161.255,161.255,161.255
1782015900000,161.255,161.255,161.255,161.255
1782015960000,161.255,161.255,161.255,161.255
1782016020000,161.255,161.255,161.255,161.255
1782016080000,161.255,161.255,161.255,161.255
1782016140000,161.255,161.255,161.255,161.255
1782016200000,161.255,161.255,161.255,161.255
1782016260000,161.255,161.255,161.255,161.255
1782016320000,161.255,161.255,161.255,161.255
1782016380000,161.255,161.255,161.255,161.255
1782016440000,161.255,161.255,161.255,161.255
1782016500000,161.255,161.255,161.255,161.255
1782016560000,161.255,161.255,161.255,161.255
1782016620000,161.255,161.255,161.255,161.255
1782016680000,161.255,161.255,161.255,161.255
1782016740000,161.255,161.255,161.255,161.255
1782016800000,161.255,161.255,161.255,161.255
1782016860000,161.255,161.255,161.255,161.255
1782016920000,161.255,161.255,161.255,161.255
1782016980000,161.255,161.255,161.255,161.255
1782017040000,161.255,161.255,161.255,161.255
1782017100000,161.255,161.255,161.255,161.255
1782017160000,161.255,161.255,161.255,161.255
1782017220000,161.255,161.255,161.255,161.255
1782017280000,161.255,161.255,161.255,161.255
1782017340000,161.255,161.255,161.255,161.255
1782017400000,161.255,161.255,161.255,161.255
1782017460000,161.255,161.255,161.255,161.255
1782017520000,161.255,161.255,161.255,161.255
1782017580000,161.255,161.255,161.255,161.255
1782017640000,161.255,161.255,161.255,161.255
1782017700000,161.255,161.255,161.255,161.255
1782017760000,161.255,161.255,161.255,161.255
1782017820000,161.255,161.255,161.255,161.255
1782017880000,161.255,161.255,161.255,161.255
1782017940000,161.255,161.255,161.255,161.255
1782018000000,161.255,161.255,161.255,161.255
1782018060000,161.255,161.255,161.255,161.255
1782018120000,161.255,161.255,161.255,161.255
1782018180000,161.255,161.255,161.255,161.255
1782018240000,161.255,161.255,161.255,161.255
1782018300000,161.255,161.255,161.255,161.255
1782018360000,161.255,161.255,161.255,161.255
1782018420000,161.255,161.255,161.255,161.255
1782018480000,161.255,161.255,161.255,161.255
1782018540000,161.255,161.255,161.255,161.255
1782018600000,161.255,161.255,161.255,161.255
1782018660000,161.255,161.255,161.255,161.255
1782018720000,161.255,161.255,161.255,161.255
1782018780000,161.255,161.255,161.255,161.255
1782018840000,161.255,161.255,161.255,161.255
1782018900000,161.255,161.255,161.255,161.255
1782018960000,161.255,161.255,161.255,161.255
1782019020000,161.255,161.255,161.255,161.255
1782019080000,161.255,161.255,161.255,161.255
1782019140000,161.255,161.255,161.255,161.255
1782019200000,161.255,161.255,161.255,161.255
1782019260000,161.255,161.255,161.255,161.255
1782019320000,161.255,161.255,161.255,161.255
1782019380000,161.255,161.255,161.255,161.255
1782019440000,161.255,161.255,161.255,161.255
1782019500000,161.255,161.255,161.255,161.255
1782019560000,161.255,161.255,161.255,161.255
1782019620000,161.255,161.255,161.255,161.255
1782019680000,161.255,161.255,161.255,161.255
1782019740000,161.255,161.255,161.255,161.255
1782019800000,161.255,161.255,161.255,161.255
1782019860000,161.255,161.255,161.255,161.255
1782019920000,161.255,161.255,161.255,161.255
1782019980000,161.255,161.255,161.255,161.255
1782020040000,161.255,161.255,161.255,161.255
1782020100000,161.255,161.255,161.255,161.255
1782020160000,161.255,161.255,161.255,161.255
1782020220000,161.255,161.255,161.255,161.255
1782020280000,161.255,161.255,161.255,161.255
1782020340000,161.255,161.255,161.255,161.255
1782020400000,161.255,161.255,161.255,161.255
1782020460000,161.255,161.255,161.255,161.255
1782020520000,161.255,161.255,161.255,161.255
1782020580000,161.255,161.255,161.255,161.255
1782020640000,161.255,161.255,161.255,161.255
1782020700000,161.255,161.255,161.255,161.255
1782020760000,161.255,161.255,161.255,161.255
1782020820000,161.255,161.255,161.255,161.255
1782020880000,161.255,161.255,161.255,161.255
1782020940000,161.255,161.255,161.255,161.255
1782021000000,161.255,161.255,161.255,161.255
1782021060000,161.255,161.255,161.255,161.255
1782021120000,161.255,161.255,161.255,161.255
1782021180000,161.255,161.255,161.255,161.255
1782021240000,161.255,161.255,161.255,161.255
1782021300000,161.255,161.255,161.255,161.255
1782021360000,161.255,161.255,161.255,161.255
1782021420000,161.255,161.255,161.255,161.255
1782021480000,161.255,161.255,161.255,161.255
1782021540000,161.255,161.255,161.255,161.255
1782021600000,161.255,161.255,161.255,161.255
1782021660000,161.255,161.255,161.255,161.255
1782021720000,161.255,161.255,161.255,161.255
1782021780000,161.255,161.255,161.255,161.255
1782021840000,161.255,161.255,161.255,161.255
1782021900000,161.255,161.255,161.255,161.255
1782021960000,161.255,161.255,161.255,161.255
1782022020000,161.255,161.255,161.255,161.255
1782022080000,161.255,161.255,161.255,161.255
1782022140000,161.255,161.255,161.255,161.255
1782022200000,161.255,161.255,161.255,161.255
1782022260000,161.255,161.255,161.255,161.255
1782022320000,161.255,161.255,161.255,161.255
1782022380000,161.255,161.255,161.255,161.255
1782022440000,161.255,161.255,161.255,161.255
1782022500000,161.255,161.255,161.255,161.255
1782022560000,161.255,161.255,161.255,161.255
1782022620000,161.255,161.255,161.255,161.255
1782022680000,161.255,161.255,161.255,161.255
1782022740000,161.255,161.255,161.255,161.255
1782022800000,161.255,161.255,161.255,161.255
1782022860000,161.255,161.255,161.255,161.255
1782022920000,161.255,161.255,161.255,161.255
1782022980000,161.255,161.255,161.255,161.255
1782023040000,161.255,161.255,161.255,161.255
1782023100000,161.255,161.255,161.255,161.255
1782023160000,161.255,161.255,161.255,161.255
1782023220000,161.255,161.255,161.255,161.255
1782023280000,161.255,161.255,161.255,161.255
1782023340000,161.255,161.255,161.255,161.255
1782023400000,161.255,161.255,161.255,161.255
1782023460000,161.255,161.255,161.255,161.255
1782023520000,161.255,161.255,161.255,161.255
1782023580000,161.255,161.255,161.255,161.255
1782023640000,161.255,161.255,161.255,161.255
1782023700000,161.255,161.255,161.255,161.255
1782023760000,161.255,161.255,161.255,161.255
1782023820000,161.255,161.255,161.255,161.255
1782023880000,161.255,161.255,161.255,161.255
1782023940000,161.255,161.255,161.255,161.255
1782024000000,161.255,161.255,161.255,161.255
1782024060000,161.255,161.255,161.255,161.255
1782024120000,161.255,161.255,161.255,161.255
1782024180000,161.255,161.255,161.255,161.255
1782024240000,161.255,161.255,161.255,161.255
1782024300000,161.255,161.255,161.255,161.255
1782024360000,161.255,161.255,161.255,161.255
1782024420000,161.255,161.255,161.255,161.255
1782024480000,161.255,161.255,161.255,161.255
1782024540000,161.255,161.255,161.255,161.255
1782024600000,161.255,161.255,161.255,161.255
1782024660000,161.255,161.255,161.255,161.255
1782024720000,161.255,161.255,161.255,161.255
1782024780000,161.255,161.255,161.255,161.255
1782024840000,161.255,161.255,161.255,161.255
1782024900000,161.255,161.255,161.255,161.255
1782024960000,161.255,161.255,161.255,161.255
1782025020000,161.255,161.255,161.255,161.255
1782025080000,161.255,161.255,161.255,161.255
1782025140000,161.255,161.255,161.255,161.255
1782025200000,161.255,161.255,161.255,161.255
1782025260000,161.255,161.255,161.255,161.255
1782025320000,161.255,161.255,161.255,161.255
1782025380000,161.255,161.255,161.255,161.255
1782025440000,161.255,161.255,161.255,161.255
1782025500000,161.255,161.255,161.255,161.255
1782025560000,161.255,161.255,161.255,161.255
1782025620000,161.255,161.255,161.255,161.255
1782025680000,161.255,161.255,161.255,161.255
1782025740000,161.255,161.255,161.255,161.255
1782025800000,161.255,161.255,161.255,161.255
1782025860000,161.255,161.255,161.255,161.255
1782025920000,161.255,161.255,161.255,161.255
1782025980000,161.255,161.255,161.255,161.255
1782026040000,161.255,161.255,161.255,161.255
1782026100000,161.255,161.255,161.255,161.255
1782026160000,161.255,161.255,161.255,161.255
1782026220000,161.255,161.255,161.255,161.255
1782026280000,161.255,161.255,161.255,161.255
1782026340000,161.255,161.255,161.255,161.255
1782026400000,161.255,161.255,161.255,161.255
1782026460000,161.255,161.255,161.255,161.255
1782026520000,161.255,161.255,161.255,161.255
1782026580000,161.255,161.255,161.255,161.255
1782026640000,161.255,161.255,161.255,161.255
1782026700000,161.255,161.255,161.255,161.255
1782026760000,161.255,161.255,161.255,161.255
1782026820000,161.255,161.255,161.255,161.255
1782026880000,161.255,161.255,161.255,161.255
1782026940000,161.255,161.255,161.255,161.255
1782027000000,161.255,161.255,161.255,161.255
1782027060000,161.255,161.255,161.255,161.255
1782027120000,161.255,161.255,161.255,161.255
1782027180000,161.255,161.255,161.255,161.255
1782027240000,161.255,161.255,161.255,161.255
1782027300000,161.255,161.255,161.255,161.255
1782027360000,161.255,161.255,161.255,161.255
1782027420000,161.255,161.255,161.255,161.255
1782027480000,161.255,161.255,161.255,161.255
1782027540000,161.255,161.255,161.255,161.255
1782027600000,161.255,161.255,161.255,161.255
1782027660000,161.255,161.255,161.255,161.255
1782027720000,161.255,161.255,161.255,161.255
1782027780000,161.255,161.255,161.255,161.255
1782027840000,161.255,161.255,161.255,161.255
1782027900000,161.255,161.255,161.255,161.255
1782027960000,161.255,161.255,161.255,161.255
1782028020000,161.255,161.255,161.255,161.255
1782028080000,161.255,161.255,161.255,161.255
1782028140000,161.255,161.255,161.255,161.255
1782028200000,161.255,161.255,161.255,161.255
1782028260000,161.255,161.255,161.255,161.255
1782028320000,161.255,161.255,161.255,161.255
1782028380000,161.255,161.255,161.255,161.255
1782028440000,161.255,161.255,161.255,161.255
1782028500000,161.255,161.255,161.255,161.255
1782028560000,161.255,161.255,161.255,161.255
1782028620000,161.255,161.255,161.255,161.255
1782028680000,161.255,161.255,161.255,161.255
1782028740000,161.255,161.255,161.255,161.255
1782028800000,161.255,161.255,161.255,161.255
1782028860000,161.255,161.255,161.255,161.255
1782028920000,161.255,161.255,161.255,161.255
1782028980000,161.255,161.255,161.255,161.255
1782029040000,161.255,161.255,161.255,161.255
1782029100000,161.255,161.255,161.255,161.255
1782029160000,161.255,161.255,161.255,161.255
1782029220000,161.255,161.255,161.255,161.255
1782029280000,161.255,161.255,161.255,161.255
1782029340000,161.255,161.255,161.255,161.255
1782029400000,161.255,161.255,161.255,161.255
1782029460000,161.255,161.255,161.255,161.255
1782029520000,161.255,161.255,161.255,161.255
1782029580000,161.255,161.255,161.255,161.255
1782029640000,161.255,161.255,161.255,161.255
1782029700000,161.255,161.255,161.255,161.255
1782029760000,161.255,161.255,161.255,161.255
1782029820000,161.255,161.255,161.255,161.255
1782029880000,161.255,161.255,161.255,161.255
1782029940000,161.255,161.255,161.255,161.255
1782030000000,161.255,161.255,161.255,161.255
1782030060000,161.255,161.255,161.255,161.255
1782030120000,161.255,161.255,161.255,161.255
1782030180000,161.255,161.255,161.255,161.255
1782030240000,161.255,161.255,161.255,161.255
1782030300000,161.255,161.255,161.255,161.255
1782030360000,161.255,161.255,161.255,161.255
1782030420000,161.255,161.255,161.255,161.255
1782030480000,161.255,161.255,161.255,161.255
1782030540000,161.255,161.255,161.255,161.255
1782030600000,161.255,161.255,161.255,161.255
1782030660000,161.255,161.255,161.255,161.255
1782030720000,161.255,161.255,161.255,161.255
1782030780000,161.255,161.255,161.255,161.255
1782030840000,161.255,161.255,161.255,161.255
1782030900000,161.255,161.255,161.255,161.255
1782030960000,161.255,161.255,161.255,161.255
1782031020000,161.255,161.255,161.255,161.255
1782031080000,161.255,161.255,161.255,161.255
1782031140000,161.255,161.255,161.255,161.255
1782031200000,161.255,161.255,161.255,161.255
1782031260000,161.255,161.255,161.255,161.255
1782031320000,161.255,161.255,161.255,161.255
1782031380000,161.255,161.255,161.255,161.255
1782031440000,161.255,161.255,161.255,161.255
1782031500000,161.255,161.255,161.255,161.255
1782031560000,161.255,161.255,161.255,161.255
1782031620000,161.255,161.255,161.255,161.255
1782031680000,161.255,161.255,161.255,161.255
1782031740000,161.255,161.255,161.255,161.255
1782031800000,161.255,161.255,161.255,161.255
1782031860000,161.255,161.255,161.255,161.255
1782031920000,161.255,161.255,161.255,161.255
1782031980000,161.255,161.255,161.255,161.255
1782032040000,161.255,161.255,161.255,161.255
1782032100000,161.255,161.255,161.255,161.255
1782032160000,161.255,161.255,161.255,161.255
1782032220000,161.255,161.255,161.255,161.255
1782032280000,161.255,161.255,161.255,161.255
1782032340000,161.255,161.255,161.255,161.255
1782032400000,161.255,161.255,161.255,161.255
1782032460000,161.255,161.255,161.255,161.255
1782032520000,161.255,161.255,161.255,161.255
1782032580000,161.255,161.255,161.255,161.255
1782032640000,161.255,161.255,161.255,161.255
1782032700000,161.255,161.255,161.255,161.255
1782032760000,161.255,161.255,161.255,161.255
1782032820000,161.255,161.255,161.255,161.255
1782032880000,161.255,161.255,161.255,161.255
1782032940000,161.255,161.255,161.255,161.255
1782033000000,161.255,161.255,161.255,161.255
1782033060000,161.255,161.255,161.255,161.255
1782033120000,161.255,161.255,161.255,161.255
1782033180000,161.255,161.255,161.255,161.255
1782033240000,161.255,161.255,161.255,161.255
1782033300000,161.255,161.255,161.255,161.255
1782033360000,161.255,161.255,161.255,161.255
1782033420000,161.255,161.255,161.255,161.255
1782033480000,161.255,161.255,161.255,161.255
1782033540000,161.255,161.255,161.255,161.255
1782033600000,161.255,161.255,161.255,161.255
1782033660000,161.255,161.255,161.255,161.255
1782033720000,161.255,161.255,161.255,161.255
1782033780000,161.255,161.255,161.255,161.255
1782033840000,161.255,161.255,161.255,161.255
1782033900000,161.255,161.255,161.255,161.255
1782033960000,161.255,161.255,161.255,161.255
1782034020000,161.255,161.255,161.255,161.255
1782034080000,161.255,161.255,161.255,161.255
1782034140000,161.255,161.255,161.255,161.255
1782034200000,161.255,161.255,161.255,161.255
1782034260000,161.255,161.255,161.255,161.255
1782034320000,161.255,161.255,161.255,161.255
1782034380000,161.255,161.255,161.255,161.255
1782034440000,161.255,161.255,161.255,161.255
1782034500000,161.255,161.255,161.255,161.255
1782034560000,161.255,161.255,161.255,161.255
1782034620000,161.255,161.255,161.255,161.255
1782034680000,161.255,161.255,161.255,161.255
1782034740000,161.255,161.255,161.255,161.255
1782034800000,161.255,161.255,161.255,161.255
1782034860000,161.255,161.255,161.255,161.255
1782034920000,161.255,161.255,161.255,161.255
1782034980000,161.255,161.255,161.255,161.255
1782035040000,161.255,161.255,161.255,161.255
1782035100000,161.255,161.255,161.255,161.255
1782035160000,161.255,161.255,161.255,161.255
1782035220000,161.255,161.255,161.255,161.255
1782035280000,161.255,161.255,161.255,161.255
1782035340000,161.255,161.255,161.255,161.255
1782035400000,161.255,161.255,161.255,161.255
1782035460000,161.255,161.255,161.255,161.255
1782035520000,161.255,161.255,161.255,161.255
1782035580000,161.255,161.255,161.255,161.255
1782035640000,161.255,161.255,161.255,161.255
1782035700000,161.255,161.255,161.255,161.255
1782035760000,161.255,161.255,161.255,161.255
1782035820000,161.255,161.255,161.255,161.255
1782035880000,161.255,161.255,161.255,161.255
1782035940000,161.255,161.255,161.255,161.255
1782036000000,161.255,161.255,161.255,161.255
1782036060000,161.255,161.255,161.255,161.255
1782036120000,161.255,161.255,161.255,161.255
1782036180000,161.255,161.255,161.255,161.255
1782036240000,161.255,161.255,161.255,161.255
1782036300000,161.255,161.255,161.255,161.255
1782036360000,161.255,161.255,161.255,161.255
1782036420000,161.255,161.255,161.255,161.255
1782036480000,161.255,161.255,161.255,161.255
1782036540000,161.255,161.255,161.255,161.255
1782036600000,161.255,161.255,161.255,161.255
1782036660000,161.255,161.255,161.255,161.255
1782036720000,161.255,161.255,161.255,161.255
1782036780000,161.255,161.255,161.255,161.255
1782036840000,161.255,161.255,161.255,161.255
1782036900000,161.255,161.255,161.255,161.255
1782036960000,161.255,161.255,161.255,161.255
1782037020000,161.255,161.255,161.255,161.255
1782037080000,161.255,161.255,161.255,161.255
1782037140000,161.255,161.255,161.255,161.255
1782037200000,161.255,161.255,161.255,161.255
1782037260000,161.255,161.255,161.255,161.255
1782037320000,161.255,161.255,161.255,161.255
1782037380000,161.255,161.255,161.255,161.255
1782037440000,161.255,161.255,161.255,161.255
1782037500000,161.255,161.255,161.255,161.255
1782037560000,161.255,161.255,161.255,161.255
1782037620000,161.255,161.255,161.255,161.255
1782037680000,161.255,161.255,161.255,161.255
1782037740000,161.255,161.255,161.255,161.255
1782037800000,161.255,161.255,161.255,161.255
1782037860000,161.255,161.255,161.255,161.255
1782037920000,161.255,161.255,161.255,161.255
1782037980000,161.255,161.255,161.255,161.255
1782038040000,161.255,161.255,161.255,161.255
1782038100000,161.255,161.255,161.255,161.255
1782038160000,161.255,161.255,161.255,161.255
1782038220000,161.255,161.255,161.255,161.255
1782038280000,161.255,161.255,161.255,161.255
1782038340000,161.255,161.255,161.255,161.255
1782038400000,161.255,161.255,161.255,161.255
1782038460000,161.255,161.255,161.255,161.255
1782038520000,161.255,161.255,161.255,161.255
1782038580000,161.255,161.255,161.255,161.255
1782038640000,161.255,161.255,161.255,161.255
1782038700000,161.255,161.255,161.255,161.255
1782038760000,161.255,161.255,161.255,161.255
1782038820000,161.255,161.255,161.255,161.255
1782038880000,161.255,161.255,161.255,161.255
1782038940000,161.255,161.255,161.255,161.255
1782039000000,161.255,161.255,161.255,161.255
1782039060000,161.255,161.255,161.255,161.255
1782039120000,161.255,161.255,161.255,161.255
1782039180000,161.255,161.255,161.255,161.255
1782039240000,161.255,161.255,161.255,161.255
1782039300000,161.255,161.255,161.255,161.255
1782039360000,161.255,161.255,161.255,161.255
1782039420000,161.255,161.255,161.255,161.255
1782039480000,161.255,161.255,161.255,161.255
1782039540000,161.255,161.255,161.255,161.255
1782039600000,161.255,161.255,161.255,161.255
1782039660000,161.255,161.255,161.255,161.255
1782039720000,161.255,161.255,161.255,161.255
1782039780000,161.255,161.255,161.255,161.255
1782039840000,161.255,161.255,161.255,161.255
1782039900000,161.255,161.255,161.255,161.255
1782039960000,161.255,161.255,161.255,161.255
1782040020000,161.255,161.255,161.255,161.255
1782040080000,161.255,161.255,161.255,161.255
1782040140000,161.255,161.255,161.255,161.255
1782040200000,161.255,161.255,161.255,161.255
1782040260000,161.255,161.255,161.255,161.255
1782040320000,161.255,161.255,161.255,161.255
1782040380000,161.255,161.255,161.255,161.255
1782040440000,161.255,161.255,161.255,161.255
1782040500000,161.255,161.255,161.255,161.255
1782040560000,161.255,161.255,161.255,161.255
1782040620000,161.255,161.255,161.255,161.255
1782040680000,161.255,161.255,161.255,161.255
1782040740000,161.255,161.255,161.255,161.255
1782040800000,161.255,161.255,161.255,161.255
1782040860000,161.255,161.255,161.255,161.255
1782040920000,161.255,161.255,161.255,161.255
1782040980000,161.255,161.255,161.255,161.255
1782041040000,161.255,161.255,161.255,161.255
1782041100000,161.255,161.255,161.255,161.255
1782041160000,161.255,161.255,161.255,161.255
1782041220000,161.255,161.255,161.255,161.255
1782041280000,161.255,161.255,161.255,161.255
1782041340000,161.255,161.255,161.255,161.255
1782041400000,161.255,161.255,161.255,161.255
1782041460000,161.255,161.255,161.255,161.255
1782041520000,161.255,161.255,161.255,161.255
1782041580000,161.255,161.255,161.255,161.255
1782041640000,161.255,161.255,161.255,161.255
1782041700000,161.255,161.255,161.255,161.255
1782041760000,161.255,161.255,161.255,161.255
1782041820000,161.255,161.255,161.255,161.255
1782041880000,161.255,161.255,161.255,161.255
1782041940000,161.255,161.255,161.255,161.255
1782042000000,161.255,161.255,161.255,161.255
1782042060000,161.255,161.255,161.255,161.255
1782042120000,161.255,161.255,161.255,161.255
1782042180000,161.255,161.255,161.255,161.255
1782042240000,161.255,161.255,161.255,161.255
1782042300000,161.255,161.255,161.255,161.255
1782042360000,161.255,161.255,161.255,161.255
1782042420000,161.255,161.255,161.255,161.255
1782042480000,161.255,161.255,161.255,161.255
1782042540000,161.255,161.255,161.255,161.255
1782042600000,161.255,161.255,161.255,161.255
1782042660000,161.255,161.255,161.255,161.255
1782042720000,161.255,161.255,161.255,161.255
1782042780000,161.255,161.255,161.255,161.255
1782042840000,161.255,161.255,161.255,161.255
1782042900000,161.255,161.255,161.255,161.255
1782042960000,161.255,161.255,161.255,161.255
1782043020000,161.255,161.255,161.255,161.255
1782043080000,161.255,161.255,161.255,161.255
1782043140000,161.255,161.255,161.255,161.255
1782043200000,161.255,161.255,161.255,161.255
1782043260000,161.255,161.255,161.255,161.255
1782043320000,161.255,161.255,161.255,161.255
1782043380000,161.255,161.255,161.255,161.255
1782043440000,161.255,161.255,161.255,161.255
1782043500000,161.255,161.255,161.255,161.255
1782043560000,161.255,161.255,161.255,161.255
1782043620000,161.255,161.255,161.255,161.255
1782043680000,161.255,161.255,161.255,161.255
1782043740000,161.255,161.255,161.255,161.255
1782043800000,161.255,161.255,161.255,161.255
1782043860000,161.255,161.255,161.255,161.255
1782043920000,161.255,161.255,161.255,161.255
1782043980000,161.255,161.255,161.255,161.255
1782044040000,161.255,161.255,161.255,161.255
1782044100000,161.255,161.255,161.255,161.255
1782044160000,161.255,161.255,161.255,161.255
1782044220000,161.255,161.255,161.255,161.255
1782044280000,161.255,161.255,161.255,161.255
1782044340000,161.255,161.255,161.255,161.255
1782044400000,161.255,161.255,161.255,161.255
1782044460000,161.255,161.255,161.255,161.255
1782044520000,161.255,161.255,161.255,161.255
1782044580000,161.255,161.255,161.255,161.255
1782044640000,161.255,161.255,161.255,161.255
1782044700000,161.255,161.255,161.255,161.255
1782044760000,161.255,161.255,161.255,161.255
1782044820000,161.255,161.255,161.255,161.255
1782044880000,161.255,161.255,161.255,161.255
1782044940000,161.255,161.255,161.255,161.255
1782045000000,161.255,161.255,161.255,161.255
1782045060000,161.255,161.255,161.255,161.255
1782045120000,161.255,161.255,161.255,161.255
1782045180000,161.255,161.255,161.255,161.255
1782045240000,161.255,161.255,161.255,161.255
1782045300000,161.255,161.255,161.255,161.255
1782045360000,161.255,161.255,161.255,161.255
1782045420000,161.255,161.255,161.255,161.255
1782045480000,161.255,161.255,161.255,161.255
1782045540000,161.255,161.255,161.255,161.255
1782045600000,161.255,161.255,161.255,161.255
1782045660000,161.255,161.255,161.255,161.255
1782045720000,161.255,161.255,161.255,161.255
1782045780000,161.255,161.255,161.255,161.255
1782045840000,161.255,161.255,161.255,161.255
1782045900000,161.255,161.255,161.255,161.255
1782045960000,161.255,161.255,161.255,161.255
1782046020000,161.255,161.255,161.255,161.255
1782046080000,161.255,161.255,161.255,161.255
1782046140000,161.255,161.255,161.255,161.255
1782046200000,161.255,161.255,161.255,161.255
1782046260000,161.255,161.255,161.255,161.255
1782046320000,161.255,161.255,161.255,161.255
1782046380000,161.255,161.255,161.255,161.255
1782046440000,161.255,161.255,161.255,161.255
1782046500000,161.255,161.255,161.255,161.255
1782046560000,161.255,161.255,161.255,161.255
1782046620000,161.255,161.255,161.255,161.255
1782046680000,161.255,161.255,161.255,161.255
1782046740000,161.255,161.255,161.255,161.255
1782046800000,161.255,161.255,161.255,161.255
1782046860000,161.255,161.255,161.255,161.255
1782046920000,161.255,161.255,161.255,161.255
1782046980000,161.255,161.255,161.255,161.255
1782047040000,161.255,161.255,161.255,161.255
1782047100000,161.255,161.255,161.255,161.255
1782047160000,161.255,161.255,161.255,161.255
1782047220000,161.255,161.255,161.255,161.255
1782047280000,161.255,161.255,161.255,161.255
1782047340000,161.255,161.255,161.255,161.255
1782047400000,161.255,161.255,161.255,161.255
1782047460000,161.255,161.255,161.255,161.255
1782047520000,161.255,161.255,161.255,161.255
1782047580000,161.255,161.255,161.255,161.255
1782047640000,161.255,161.255,161.255,161.255
1782047700000,161.255,161.255,161.255,161.255
1782047760000,161.255,161.255,161.255,161.255
1782047820000,161.255,161.255,161.255,161.255
1782047880000,161.255,161.255,161.255,161.255
1782047940000,161.255,161.255,161.255,161.255
1782048000000,161.255,161.255,161.255,161.255
1782048060000,161.255,161.255,161.255,161.255
1782048120000,161.255,161.255,161.255,161.255
1782048180000,161.255,161.255,161.255,161.255
1782048240000,161.255,161.255,161.255,161.255
1782048300000,161.255,161.255,161.255,161.255
1782048360000,161.255,161.255,161.255,161.255
1782048420000,161.255,161.255,161.255,161.255
1782048480000,161.255,161.255,161.255,161.255
1782048540000,161.255,161.255,161.255,161.255
1782048600000,161.255,161.255,161.255,161.255
1782048660000,161.255,161.255,161.255,161.255
1782048720000,161.255,161.255,161.255,161.255
1782048780000,161.255,161.255,161.255,161.255
1782048840000,161.255,161.255,161.255,161.255
1782048900000,161.255,161.255,161.255,161.255
1782048960000,161.255,161.255,161.255,161.255
1782049020000,161.255,161.255,161.255,161.255
1782049080000,161.255,161.255,161.255,161.255
1782049140000,161.255,161.255,161.255,161.255
1782049200000,161.255,161.255,161.255,161.255
1782049260000,161.255,161.255,161.255,161.255
1782049320000,161.255,161.255,161.255,161.255
1782049380000,161.255,161.255,161.255,161.255
1782049440000,161.255,161.255,161.255,161.255
1782049500000,161.255,161.255,161.255,161.255
1782049560000,161.255,161.255,161.255,161.255
1782049620000,161.255,161.255,161.255,161.255
1782049680000,161.255,161.255,161.255,161.255
1782049740000,161.255,161.255,161.255,161.255
1782049800000,161.255,161.255,161.255,161.255
1782049860000,161.255,161.255,161.255,161.255
1782049920000,161.255,161.255,161.255,161.255
1782049980000,161.255,161.255,161.255,161.255
1782050040000,161.255,161.255,161.255,161.255
1782050100000,161.255,161.255,161.255,161.255
1782050160000,161.255,161.255,161.255,161.255
1782050220000,161.255,161.255,161.255,161.255
1782050280000,161.255,161.255,161.255,161.255
1782050340000,161.255,161.255,161.255,161.255
1782050400000,161.255,161.255,161.255,161.255
1782050460000,161.255,161.255,161.255,161.255
1782050520000,161.255,161.255,161.255,161.255
1782050580000,161.255,161.255,161.255,161.255
1782050640000,161.255,161.255,161.255,161.255
1782050700000,161.255,161.255,161.255,161.255
1782050760000,161.255,161.255,161.255,161.255
1782050820000,161.255,161.255,161.255,161.255
1782050880000,161.255,161.255,161.255,161.255
1782050940000,161.255,161.255,161.255,161.255
1782051000000,161.255,161.255,161.255,161.255
1782051060000,161.255,161.255,161.255,161.255
1782051120000,161.255,161.255,161.255,161.255
1782051180000,161.255,161.255,161.255,161.255
1782051240000,161.255,161.255,161.255,161.255
1782051300000,161.255,161.255,161.255,161.255
1782051360000,161.255,161.255,161.255,161.255
1782051420000,161.255,161.255,161.255,161.255
1782051480000,161.255,161.255,161.255,161.255
1782051540000,161.255,161.255,161.255,161.255
1782051600000,161.255,161.255,161.255,161.255
1782051660000,161.255,161.255,161.255,161.255
1782051720000,161.255,161.255,161.255,161.255
1782051780000,161.255,161.255,161.255,161.255
1782051840000,161.255,161.255,161.255,161.255
1782051900000,161.255,161.255,161.255,161.255
1782051960000,161.255,161.255,161.255,161.255
1782052020000,161.255,161.255,161.255,161.255
1782052080000,161.255,161.255,161.255,161.255
1782052140000,161.255,161.255,161.255,161.255
1782052200000,161.255,161.255,161.255,161.255
1782052260000,161.255,161.255,161.255,161.255
1782052320000,161.255,161.255,161.255,161.255
1782052380000,161.255,161.255,161.255,161.255
1782052440000,161.255,161.255,161.255,161.255
1782052500000,161.255,161.255,161.255,161.255
1782052560000,161.255,161.255,161.255,161.255
1782052620000,161.255,161.255,161.255,161.255
1782052680000,161.255,161.255,161.255,161.255
1782052740000,161.255,161.255,161.255,161.255
1782052800000,161.255,161.255,161.255,161.255
1782052860000,161.255,161.255,161.255,161.255
1782052920000,161.255,161.255,161.255,161.255
1782052980000,161.255,161.255,161.255,161.255
1782053040000,161.255,161.255,161.255,161.255
1782053100000,161.255,161.255,161.255,161.255
1782053160000,161.255,161.255,161.255,161.255
1782053220000,161.255,161.255,161.255,161.255
1782053280000,161.255,161.255,161.255,161.255
1782053340000,161.255,161.255,161.255,161.255
1782053400000,161.255,161.255,161.255,161.255
1782053460000,161.255,161.255,161.255,161.255
1782053520000,161.255,161.255,161.255,161.255
1782053580000,161.255,161.255,161.255,161.255
1782053640000,161.255,161.255,161.255,161.255
1782053700000,161.255,161.255,161.255,161.255
1782053760000,161.255,161.255,161.255,161.255
1782053820000,161.255,161.255,161.255,161.255
1782053880000,161.255,161.255,161.255,161.255
1782053940000,161.255,161.255,161.255,161.255
1782054000000,161.255,161.255,161.255,161.255
1782054060000,161.255,161.255,161.255,161.255
1782054120000,161.255,161.255,161.255,161.255
1782054180000,161.255,161.255,161.255,161.255
1782054240000,161.255,161.255,161.255,161.255
1782054300000,161.255,161.255,161.255,161.255
1782054360000,161.255,161.255,161.255,161.255
1782054420000,161.255,161.255,161.255,161.255
1782054480000,161.255,161.255,161.255,161.255
1782054540000,161.255,161.255,161.255,161.255
1782054600000,161.255,161.255,161.255,161.255
1782054660000,161.255,161.255,161.255,161.255
1782054720000,161.255,161.255,161.255,161.255
1782054780000,161.255,161.255,161.255,161.255
1782054840000,161.255,161.255,161.255,161.255
1782054900000,161.255,161.255,161.255,161.255
1782054960000,161.255,161.255,161.255,161.255
1782055020000,161.255,161.255,161.255,161.255
1782055080000,161.255,161.255,161.255,161.255
1782055140000,161.255,161.255,161.255,161.255
1782055200000,161.255,161.255,161.255,161.255
1782055260000,161.255,161.255,161.255,161.255
1782055320000,161.255,161.255,161.255,161.255
1782055380000,161.255,161.255,161.255,161.255
1782055440000,161.255,161.255,161.255,161.255
1782055500000,161.255,161.255,161.255,161.255
1782055560000,161.255,161.255,161.255,161.255
1782055620000,161.255,161.255,161.255,161.255
1782055680000,161.255,161.255,161.255,161.255
1782055740000,161.255,161.255,161.255,161.255
1782055800000,161.255,161.255,161.255,161.255
1782055860000,161.255,161.255,161.255,161.255
1782055920000,161.255,161.255,161.255,161.255
1782055980000,161.255,161.255,161.255,161.255
1782056040000,161.255,161.255,161.255,161.255
1782056100000,161.255,161.255,161.255,161.255
1782056160000,161.255,161.255,161.255,161.255
1782056220000,161.255,161.255,161.255,161.255
1782056280000,161.255,161.255,161.255,161.255
1782056340000,161.255,161.255,161.255,161.255
1782056400000,161.255,161.255,161.255,161.255
1782056460000,161.255,161.255,161.255,161.255
1782056520000,161.255,161.255,161.255,161.255
1782056580000,161.255,161.255,161.255,161.255
1782056640000,161.255,161.255,161.255,161.255
1782056700000,161.255,161.255,161.255,161.255
1782056760000,161.255,161.255,161.255,161.255
1782056820000,161.255,161.255,161.255,161.255
1782056880000,161.255,161.255,161.255,161.255
1782056940000,161.255,161.255,161.255,161.255
1782057000000,161.255,161.255,161.255,161.255
1782057060000,161.255,161.255,161.255,161.255
1782057120000,161.255,161.255,161.255,161.255
1782057180000,161.255,161.255,161.255,161.255
1782057240000,161.255,161.255,161.255,161.255
1782057300000,161.255,161.255,161.255,161.255
1782057360000,161.255,161.255,161.255,161.255
1782057420000,161.255,161.255,161.255,161.255
1782057480000,161.255,161.255,161.255,161.255
1782057540000,161.255,161.255,161.255,161.255
1782057600000,161.255,161.255,161.255,161.255
1782057660000,161.255,161.255,161.255,161.255
1782057720000,161.255,161.255,161.255,161.255
1782057780000,161.255,161.255,161.255,161.255
1782057840000,161.255,161.255,161.255,161.255
1782057900000,161.255,161.255,161.255,161.255
1782057960000,161.255,161.255,161.255,161.255
1782058020000,161.255,161.255,161.255,161.255
1782058080000,161.255,161.255,161.255,161.255
1782058140000,161.255,161.255,161.255,161.255
1782058200000,161.255,161.255,161.255,161.255
1782058260000,161.255,161.255,161.255,161.255
1782058320000,161.255,161.255,161.255,161.255
1782058380000,161.255,161.255,161.255,161.255
1782058440000,161.255,161.255,161.255,161.255
1782058500000,161.255,161.255,161.255,161.255
1782058560000,161.255,161.255,161.255,161.255
1782058620000,161.255,161.255,161.255,161.255
1782058680000,161.255,161.255,161.255,161.255
1782058740000,161.255,161.255,161.255,161.255
1782058800000,161.255,161.255,161.255,161.255
1782058860000,161.255,161.255,161.255,161.255
1782058920000,161.255,161.255,161.255,161.255
1782058980000,161.255,161.255,161.255,161.255
1782059040000,161.255,161.255,161.255,161.255
1782059100000,161.255,161.255,161.255,161.255
1782059160000,161.255,161.255,161.255,161.255
1782059220000,161.255,161.255,161.255,161.255
1782059280000,161.255,161.255,161.255,161.255
1782059340000,161.255,161.255,161.255,161.255
1782059400000,161.255,161.255,161.255,161.255
1782059460000,161.255,161.255,161.255,161.255
1782059520000,161.255,161.255,161.255,161.255
1782059580000,161.255,161.255,161.255,161.255
1782059640000,161.255,161.255,161.255,161.255
1782059700000,161.255,161.255,161.255,161.255
1782059760000,161.255,161.255,161.255,161.255
1782059820000,161.255,161.255,161.255,161.255
1782059880000,161.255,161.255,161.255,161.255
1782059940000,161.255,161.255,161.255,161.255
1782060000000,161.255,161.255,161.255,161.255
1782060060000,161.255,161.255,161.255,161.255
1782060120000,161.255,161.255,161.255,161.255
1782060180000,161.255,161.255,161.255,161.255
1782060240000,161.255,161.255,161.255,161.255
1782060300000,161.255,161.255,161.255,161.255
1782060360000,161.255,161.255,161.255,161.255
1782060420000,161.255,161.255,161.255,161.255
1782060480000,161.255,161.255,161.255,161.255
1782060540000,161.255,161.255,161.255,161.255
1782060600000,161.255,161.255,161.255,161.255
1782060660000,161.255,161.255,161.255,161.255
1782060720000,161.255,161.255,161.255,161.255
1782060780000,161.255,161.255,161.255,161.255
1782060840000,161.255,161.255,161.255,161.255
1782060900000,161.255,161.255,161.255,161.255
1782060960000,161.255,161.255,161.255,161.255
1782061020000,161.255,161.255,161.255,161.255
1782061080000,161.255,161.255,161.255,161.255
1782061140000,161.255,161.255,161.255,161.255
1782061200000,161.255,161.255,161.255,161.255
1782061260000,161.255,161.255,161.255,161.255
1782061320000,161.255,161.255,161.255,161.255
1782061380000,161.255,161.255,161.255,161.255
1782061440000,161.255,161.255,161.255,161.255
1782061500000,161.255,161.255,161.255,161.255
1782061560000,161.255,161.255,161.255,161.255
1782061620000,161.255,161.255,161.255,161.255
1782061680000,161.255,161.255,161.255,161.255
1782061740000,161.255,161.255,161.255,161.255
1782061800000,161.255,161.255,161.255,161.255
1782061860000,161.255,161.255,161.255,161.255
1782061920000,161.255,161.255,161.255,161.255
1782061980000,161.255,161.255,161.255,161.255
1782062040000,161.255,161.255,161.255,161.255
1782062100000,161.255,161.255,161.255,161.255
1782062160000,161.255,161.255,161.255,161.255
1782062220000,161.255,161.255,161.255,161.255
1782062280000,161.255,161.255,161.255,161.255
1782062340000,161.255,161.255,161.255,161.255
1782062400000,161.255,161.255,161.255,161.255
1782062460000,161.255,161.255,161.255,161.255
1782062520000,161.255,161.255,161.255,161.255
1782062580000,161.255,161.255,161.255,161.255
1782062640000,161.255,161.255,161.255,161.255
1782062700000,161.255,161.255,161.255,161.255
1782062760000,161.255,161.255,161.255,161.255
1782062820000,161.255,161.255,161.255,161.255
1782062880000,161.255,161.255,161.255,161.255
1782062940000,161.255,161.255,161.255,161.255
1782063000000,161.255,161.255,161.255,161.255
1782063060000,161.255,161.255,161.255,161.255
1782063120000,161.255,161.255,161.255,161.255
1782063180000,161.255,161.255,161.255,161.255
1782063240000,161.255,161.255,161.255,161.255
1782063300000,161.255,161.255,161.255,161.255
1782063360000,161.255,161.255,161.255,161.255
1782063420000,161.255,161.255,161.255,161.255
1782063480000,161.255,161.255,161.255,161.255
1782063540000,161.255,161.255,161.255,161.255
1782063600000,161.255,161.255,161.255,161.255
1782063660000,161.255,161.255,161.255,161.255
1782063720000,161.255,161.255,161.255,161.255
1782063780000,161.255,161.255,161.255,161.255
1782063840000,161.255,161.255,161.255,161.255
1782063900000,161.255,161.255,161.255,161.255
1782063960000,161.255,161.255,161.255,161.255
1782064020000,161.255,161.255,161.255,161.255
1782064080000,161.255,161.255,161.255,161.255
1782064140000,161.255,161.255,161.255,161.255
1782064200000,161.255,161.255,161.255,161.255
1782064260000,161.255,161.255,161.255,161.255
1782064320000,161.255,161.255,161.255,161.255
1782064380000,161.255,161.255,161.255,161.255
1782064440000,161.255,161.255,161.255,161.255
1782064500000,161.255,161.255,161.255,161.255
1782064560000,161.255,161.255,161.255,161.255
1782064620000,161.255,161.255,161.255,161.255
1782064680000,161.255,161.255,161.255,161.255
1782064740000,161.255,161.255,161.255,161.255
1782064800000,161.255,161.255,161.255,161.255
1782064860000,161.255,161.255,161.255,161.255
1782064920000,161.255,161.255,161.255,161.255
1782064980000,161.255,161.255,161.255,161.255
1782065040000,161.255,161.255,161.255,161.255
1782065100000,161.255,161.255,161.255,161.255
1782065160000,161.255,161.255,161.255,161.255
1782065220000,161.255,161.255,161.255,161.255
1782065280000,161.255,161.255,161.255,161.255
1782065340000,161.255,161.255,161.255,161.255
1782065400000,161.255,161.255,161.255,161.255
1782065460000,161.255,161.255,161.255,161.255
1782065520000,161.255,161.255,161.255,161.255
1782065580000,161.255,161.255,161.255,161.255
1782065640000,161.255,161.255,161.255,161.255
1782065700000,161.255,161.255,161.255,161.255
1782065760000,161.255,161.255,161.255,161.255
1782065820000,161.255,161.255,161.255,161.255
1782065880000,161.255,161.255,161.255,161.255
1782065940000,161.255,161.255,161.255,161.255
1782066000000,161.255,161.255,161.255,161.255
1782066060000,161.255,161.255,161.255,161.255
1782066120000,161.255,161.255,161.255,161.255
1782066180000,161.255,161.255,161.255,161.255
1782066240000,161.255,161.255,161.255,161.255
1782066300000,161.255,161.255,161.255,161.255
1782066360000,161.255,161.255,161.255,161.255
1782066420000,161.255,161.255,161.255,161.255
1782066480000,161.255,161.255,161.255,161.255
1782066540000,161.255,161.255,161.255,161.255
1782066600000,161.255,161.255,161.255,161.255
1782066660000,161.255,161.255,161.255,161.255
1782066720000,161.255,161.255,161.255,161.255
1782066780000,161.255,161.255,161.255,161.255
1782066840000,161.255,161.255,161.255,161.255
1782066900000,161.255,161.255,161.255,161.255
1782066960000,161.255,161.255,161.255,161.255
1782067020000,161.255,161.255,161.255,161.255
1782067080000,161.255,161.255,161.255,161.255
1782067140000,161.255,161.255,161.255,161.255
1782067200000,161.255,161.255,161.255,161.255
1782067260000,161.255,161.255,161.255,161.255
1782067320000,161.255,161.255,161.255,161.255
1782067380000,161.255,161.255,161.255,161.255
1782067440000,161.255,161.255,161.255,161.255
1782067500000,161.255,161.255,161.255,161.255
1782067560000,161.255,161.255,161.255,161.255
1782067620000,161.255,161.255,161.255,161.255
1782067680000,161.255,161.255,161.255,161.255
1782067740000,161.255,161.255,161.255,161.255
1782067800000,161.255,161.255,161.255,161.255
1782067860000,161.255,161.255,161.255,161.255
1782067920000,161.255,161.255,161.255,161.255
1782067980000,161.255,161.255,161.255,161.255
1782068040000,161.255,161.255,161.255,161.255
1782068100000,161.255,161.255,161.255,161.255
1782068160000,161.255,161.255,161.255,161.255
1782068220000,161.255,161.255,161.255,161.255
1782068280000,161.255,161.255,161.255,161.255
1782068340000,161.255,161.255,161.255,161.255
1782068400000,161.255,161.255,161.255,161.255
1782068460000,161.255,161.255,161.255,161.255
1782068520000,161.255,161.255,161.255,161.255
1782068580000,161.255,161.255,161.255,161.255
1782068640000,161.255,161.255,161.255,161.255
1782068700000,161.255,161.255,161.255,161.255
1782068760000,161.255,161.255,161.255,161.255
1782068820000,161.255,161.255,161.255,161.255
1782068880000,161.255,161.255,161.255,161.255
1782068940000,161.255,161.255,161.255,161.255
1782069000000,161.255,161.255,161.255,161.255
1782069060000,161.255,161.255,161.255,161.255
1782069120000,161.255,161.255,161.255,161.255
1782069180000,161.255,161.255,161.255,161.255
1782069240000,161.255,161.255,161.255,161.255
1782069300000,161.255,161.255,161.255,161.255
1782069360000,161.255,161.255,161.255,161.255
1782069420000,161.255,161.255,161.255,161.255
1782069480000,161.255,161.255,161.255,161.255
1782069540000,161.255,161.255,161.255,161.255
1782069600000,161.255,161.255,161.255,161.255
1782069660000,161.255,161.255,161.255,161.255
1782069720000,161.255,161.255,161.255,161.255
1782069780000,161.255,161.255,161.255,161.255
1782069840000,161.255,161.255,161.255,161.255
1782069900000,161.255,161.255,161.255,161.255
1782069960000,161.255,161.255,161.255,161.255
1782070020000,161.255,161.255,161.255,161.255
1782070080000,161.255,161.255,161.255,161.255
1782070140000,161.255,161.255,161.255,161.255
1782070200000,161.255,161.255,161.255,161.255
1782070260000,161.255,161.255,161.255,161.255
1782070320000,161.255,161.255,161.255,161.255
1782070380000,161.255,161.255,161.255,161.255
1782070440000,161.255,161.255,161.255,161.255
1782070500000,161.255,161.255,161.255,161.255
1782070560000,161.255,161.255,161.255,161.255
1782070620000,161.255,161.255,161.255,161.255
1782070680000,161.255,161.255,161.255,161.255
1782070740000,161.255,161.255,161.255,161.255
1782070800000,161.255,161.255,161.255,161.255
1782070860000,161.255,161.255,161.255,161.255
1782070920000,161.255,161.255,161.255,161.255
1782070980000,161.255,161.255,161.255,161.255
1782071040000,161.255,161.255,161.255,161.255
1782071100000,161.255,161.255,161.255,161.255
1782071160000,161.255,161.255,161.255,161.255
1782071220000,161.255,161.255,161.255,161.255
1782071280000,161.255,161.255,161.255,161.255
1782071340000,161.255,161.255,161.255,161.255
1782071400000,161.255,161.255,161.255,161.255
1782071460000,161.255,161.255,161.255,161.255
1782071520000,161.255,161.255,161.255,161.255
1782071580000,161.255,161.255,161.255,161.255
1782071640000,161.255,161.255,161.255,161.255
1782071700000,161.255,161.255,161.255,161.255
1782071760000,161.255,161.255,161.255,161.255
1782071820000,161.255,161.255,161.255,161.255
1782071880000,161.255,161.255,161.255,161.255
1782071940000,161.255,161.255,161.255,161.255
1782072000000,161.255,161.255,161.255,161.255
1782072060000,161.255,161.255,161.255,161.255
1782072120000,161.255,161.255,161.255,161.255
1782072180000,161.255,161.255,161.255,161.255
1782072240000,161.255,161.255,161.255,161.255
1782072300000,161.255,161.255,161.255,161.255
1782072360000,161.255,161.255,161.255,161.255
1782072420000,161.255,161.255,161.255,161.255
1782072480000,161.255,161.255,161.255,161.255
1782072540000,161.255,161.255,161.255,161.255
1782072600000,161.255,161.255,161.255,161.255
1782072660000,161.255,161.255,161.255,161.255
1782072720000,161.255,161.255,161.255,161.255
1782072780000,161.255,161.255,161.255,161.255
1782072840000,161.255,161.255,161.255,161.255
1782072900000,161.255,161.255,161.255,161.255
1782072960000,161.255,161.255,161.255,161.255
1782073020000,161.255,161.255,161.255,161.255
1782073080000,161.255,161.255,161.255,161.255
1782073140000,161.255,161.255,161.255,161.255
1782073200000,161.255,161.255,161.255,161.255
1782073260000,161.255,161.255,161.255,161.255
1782073320000,161.255,161.255,161.255,161.255
1782073380000,161.255,161.255,161.255,161.255
1782073440000,161.255,161.255,161.255,161.255
1782073500000,161.255,161.255,161.255,161.255
1782073560000,161.255,161.255,161.255,161.255
1782073620000,161.255,161.255,161.255,161.255
1782073680000,161.255,161.255,161.255,161.255
1782073740000,161.255,161.255,161.255,161.255
1782073800000,161.255,161.255,161.255,161.255
1782073860000,161.255,161.255,161.255,161.255
1782073920000,161.255,161.255,161.255,161.255
1782073980000,161.255,161.255,161.255,161.255
1782074040000,161.255,161.255,161.255,161.255
1782074100000,161.255,161.255,161.255,161.255
1782074160000,161.255,161.255,161.255,161.255
1782074220000,161.255,161.255,161.255,161.255
1782074280000,161.255,161.255,161.255,161.255
1782074340000,161.255,161.255,161.255,161.255
1782074400000,161.255,161.255,161.255,161.255
1782074460000,161.255,161.255,161.255,161.255
1782074520000,161.255,161.255,161.255,161.255
1782074580000,161.255,161.255,161.255,161.255
1782074640000,161.255,161.255,161.255,161.255
1782074700000,161.255,161.255,161.255,161.255
1782074760000,161.255,161.255,161.255,161.255
1782074820000,161.255,161.255,161.255,161.255
1782074880000,161.255,161.255,161.255,161.255
1782074940000,161.255,161.255,161.255,161.255
1782075000000,161.255,161.255,161.255,161.255
1782075060000,161.255,161.255,161.255,161.255
1782075120000,161.255,161.255,161.255,161.255
1782075180000,161.255,161.255,161.255,161.255
1782075240000,161.255,161.255,161.255,161.255
1782075300000,161.255,161.255,161.255,161.255
1782075360000,161.255,161.255,161.255,161.255
1782075420000,161.255,161.255,161.255,161.255
1782075480000,161.255,161.255,161.255,161.255
1782075540000,161.255,161.255,161.255,161.255
1782075600000,161.225,161.225,161.225,161.225
1782075660000,161.225,161.225,161.225,161.225
1782075720000,161.225,161.225,161.225,161.225
1782075780000,161.225,161.225,161.225,161.225
1782075840000,161.225,161.225,161.225,161.225
1782075900000,161.216,161.225,161.21,161.225
1782075960000,161.224,161.224,161.213,161.213
1782076020000,161.221,161.224,161.219,161.221
1782076080000,161.221,161.221,161.221,161.221
1782076140000,161.221,161.222,161.221,161.222
1782076200000,161.225,161.228,161.223,161.228
1782076260000,161.227,161.227,161.227,161.227
1782076320000,161.227,161.227,161.226,161.227
1782076380000,161.227,161.227,161.227,161.227
1782076440000,161.223,161.223,161.222,161.223
1782076500000,161.223,161.223,161.222,161.222
1782076560000,161.222,161.225,161.222,161.225
1782076620000,161.222,161.222,161.222,161.222
1782076680000,161.237,161.246,161.237,161.245
1782076740000,161.246,161.246,161.238,161.239
1782076800000,161.224,161.224,161.22,161.22
1782076860000,161.219,161.223,161.219,161.223
1782076920000,161.223,161.223,161.223,161.223
1782076980000,161.223,161.223,161.222,161.223
1782077040000,161.222,161.222,161.222,161.222
1782077100000,161.225,161.239,161.225,161.229
1782077160000,161.23,161.23,161.23,161.23
1782077220000,161.225,161.225,161.225,161.225
1782077280000,161.225,161.225,161.225,161.225
1782077340000,161.229,161.229,161.228,161.229
1782077400000,161.229,161.244,161.229,161.244
1782077460000,161.229,161.229,161.228,161.229
1782077520000,161.232,161.244,161.231,161.244
1782077580000,161.233,161.244,161.233,161.233
1782077640000,161.233,161.233,161.232,161.233
1782077700000,161.233,161.233,161.232,161.233
1782077760000,161.233,161.233,161.232,161.232
1782077820000,161.234,161.234,161.234,161.234
1782077880000,161.234,161.234,161.234,161.234
1782077940000,161.254,161.291,161.23,161.247
1782078000000,161.244,161.319,161.235,161.309
1782078060000,161.31,161.311,161.309,161.311
1782078120000,161.31,161.311,161.31,161.31
1782078180000,161.312,161.318,161.31,161.31
1782078240000,161.311,161.311,161.311,161.311
1782078300000,161.312,161.312,161.312,161.312
1782078360000,161.312,161.312,161.312,161.312
1782078420000,161.312,161.312,161.312,161.312
1782078480000,161.312,161.312,161.312,161.312
1782078540000,161.312,161.312,161.311,161.311
1782078600000,161.312,161.312,161.312,161.312
1782078660000,161.312,161.312,161.312,161.312
1782078720000,161.312,161.312,161.311,161.311
1782078780000,161.31,161.311,161.31,161.311
1782078840000,161.311,161.311,161.311,161.311
1782078900000,161.312,161.312,161.31,161.312
1782078960000,161.309,161.312,161.309,161.312
1782079020000,161.312,161.312,161.312,161.312
1782079080000,161.311,161.312,161.311,161.312
1782079140000,161.313,161.313,161.312,161.312
1782079200000,161.314,161.353,161.314,161.353
1782079260000,161.36,161.366,161.343,161.352
1782079320000,161.352,161.356,161.346,161.352
1782079380000,161.352,161.352,161.352,161.352
1782079440000,161.352,161.358,161.352,161.355
1782079500000,161.355,161.362,161.349,161.354
1782079560000,161.353,161.364,161.35,161.363
1782079620000,161.35,161.378,161.35,161.371
1782079680000,161.372,161.414,161.371,161.389
1782079740000,161.389,161.415,161.388,161.401
1782079800000,161.404,161.425,161.399,161.414
1782079860000,161.415,161.431,161.391,161.397
1782079920000,161.398,161.398,161.397,161.397
1782079980000,161.398,161.401,161.398,161.399
1782080040000,161.4,161.415,161.397,161.402
1782080100000,161.402,161.415,161.4,161.402
1782080160000,161.412,161.414,161.401,161.402
1782080220000,161.402,161.403,161.401,161.403
1782080280000,161.403,161.403,161.39,161.398
1782080340000,161.402,161.404,161.4,161.402
1782080400000,161.403,161.404,161.377,161.39
1782080460000,161.389,161.393,161.388,161.389
1782080520000,161.39,161.394,161.389,161.393
1782080580000,161.393,161.403,161.393,161.403
1782080640000,161.403,161.404,161.392,161.404
1782080700000,161.403,161.403,161.397,161.401
1782080760000,161.403,161.403,161.401,161.403
1782080820000,161.403,161.41,161.395,161.404
1782080880000,161.406,161.406,161.403,161.405
1782080940000,161.409,161.409,161.406,161.408
1782081000000,161.407,161.412,161.406,161.41
1782081060000,161.413,161.422,161.413,161.421
1782081120000,161.421,161.422,161.419,161.422
1782081180000,161.422,161.437,161.422,161.434
1782081240000,161.434,161.449,161.434,161.446
1782081300000,161.445,161.446,161.444,161.445
1782081360000,161.445,161.45,161.434,161.438
1782081420000,161.438,161.439,161.426,161.426
1782081480000,161.428,161.435,161.425,161.429
1782081540000,161.437,161.44,161.436,161.438
1782081600000,161.438,161.444,161.436,161.442
1782081660000,161.44,161.45,161.438,161.445
1782081720000,161.446,161.45,161.441,161.447
1782081780000,161.449,161.449,161.441,161.445
1782081840000,161.445,161.455,161.442,161.454
1782081900000,161.454,161.454,161.448,161.45
1782081960000,161.455,161.455,161.449,161.449
1782082020000,161.451,161.457,161.445,161.453
1782082080000,161.452,161.455,161.447,161.449
1782082140000,161.452,161.456,161.448,161.455
1782082200000,161.451,161.455,161.44,161.454
1782082260000,161.45,161.455,161.446,161.449
1782082320000,161.45,161.455,161.448,161.454
1782082380000,161.452,161.453,161.438,161.438
1782082440000,161.438,161.45,161.435,161.435
1782082500000,161.436,161.451,161.435,161.451
1782082560000,161.45,161.451,161.449,161.451
1782082620000,161.45,161.452,161.449,161.45
1782082680000,161.445,161.445,161.445,161.445
1782082740000,161.445,161.445,161.445,161.445
1782082800000,161.447,161.447,161.426,161.431
1782082860000,161.43,161.433,161.425,161.427
1782082920000,161.426,161.427,161.426,161.427
1782082980000,161.425,161.425,161.417,161.418
1782083040000,161.425,161.429,161.424,161.427
1782083100000,161.428,161.43,161.428,161.428
1782083160000,161.427,161.428,161.427,161.428
1782083220000,161.428,161.428,161.422,161.425
1782083280000,161.426,161.429,161.424,161.426
1782083340000,161.424,161.427,161.424,161.427
1782083400000,161.427,161.441,161.427,161.441
1782083460000,161.441,161.441,161.441,161.441
1782083520000,161.44,161.441,161.44,161.44
1782083580000,161.44,161.452,161.44,161.452
1782083640000,161.454,161.463,161.44,161.452
1782083700000,161.455,161.455,161.447,161.452
1782083760000,161.451,161.453,161.441,161.441
1782083820000,161.441,161.441,161.44,161.441
1782083880000,161.441,161.441,161.44,161.441
1782083940000,161.441,161.442,161.44,161.44
1782084000000,161.44,161.44,161.429,161.429
1782084060000,161.428,161.433,161.427,161.43
1782084120000,161.432,161.434,161.425,161.427
1782084180000,161.426,161.427,161.42,161.422
1782084240000,161.422,161.43,161.421,161.43
1782084300000,161.435,161.442,161.435,161.44
1782084360000,161.44,161.44,161.44,161.44
1782084420000,161.44,161.441,161.44,161.44
1782084480000,161.44,161.44,161.44,161.44
1782084540000,161.44,161.44,161.44,161.44
1782084600000,161.44,161.452,161.44,161.45
1782084660000,161.45,161.451,161.441,161.441
1782084720000,161.44,161.442,161.439,161.442
1782084780000,161.44,161.441,161.433,161.439
1782084840000,161.435,161.437,161.435,161.436
1782084900000,161.439,161.442,161.438,161.442
1782084960000,161.441,161.442,161.44,161.442
1782085020000,161.441,161.441,161.44,161.44
1782085080000,161.441,161.442,161.441,161.441
1782085140000,161.442,161.444,161.437,161.437
1782085200000,161.437,161.44,161.436,161.438
1782085260000,161.438,161.458,161.437,161.458
1782085320000,161.459,161.484,161.459,161.478
1782085380000,161.479,161.48,161.475,161.477
1782085440000,161.478,161.478,161.477,161.478
1782085500000,161.478,161.48,161.475,161.48
1782085560000,161.481,161.493,161.481,161.488
1782085620000,161.487,161.5,161.484,161.497
1782085680000,161.508,161.514,161.502,161.502
1782085740000,161.503,161.506,161.499,161.505
1782085800000,161.505,161.505,161.498,161.5
1782085860000,161.499,161.504,161.472,161.474
1782085920000,161.474,161.478,161.465,161.465
1782085980000,161.466,161.478,161.465,161.465
1782086040000,161.467,161.468,161.466,161.467
1782086100000,161.466,161.467,161.465,161.466
1782086160000,161.466,161.472,161.465,161.47
1782086220000,161.469,161.469,161.45,161.453
1782086280000,161.453,161.453,161.428,161.445
1782086340000,161.444,161.444,161.437,161.439
1782086400000,161.439,161.45,161.417,161.438
1782086460000,161.435,161.455,161.434,161.45
1782086520000,161.449,161.468,161.449,161.466
1782086580000,161.465,161.466,161.455,161.46
1782086640000,161.46,161.467,161.457,161.464
1782086700000,161.464,161.483,161.464,161.483
1782086760000,161.491,161.503,161.483,161.485
1782086820000,161.485,161.494,161.485,161.488
1782086880000,161.487,161.489,161.481,161.481
1782086940000,161.481,161.489,161.47,161.488
1782087000000,161.486,161.486,161.475,161.481
1782087060000,161.482,161.498,161.482,161.492
1782087120000,161.492,161.492,161.472,161.474
1782087180000,161.474,161.495,161.474,161.487
1782087240000,161.488,161.489,161.486,161.488
1782087300000,161.488,161.488,161.479,161.488
1782087360000,161.488,161.492,161.482,161.482
1782087420000,161.481,161.482,161.473,161.473
1782087480000,161.472,161.478,161.461,161.462
1782087540000,161.461,161.463,161.451,161.453
1782087600000,161.454,161.454,161.442,161.451
1782087660000,161.458,161.465,161.446,161.448
1782087720000,161.449,161.458,161.448,161.448
1782087780000,161.448,161.448,161.438,161.448
1782087840000,161.446,161.458,161.445,161.45
1782087900000,161.452,161.458,161.45,161.452
1782087960000,161.453,161.453,161.438,161.439
1782088020000,161.44,161.446,161.423,161.428
1782088080000,161.428,161.471,161.428,161.465
1782088140000,161.465,161.465,161.452,161.457
1782088200000,161.459,161.46,161.446,161.447
1782088260000,161.448,161.468,161.447,161.468
1782088320000,161.468,161.47,161.461,161.463
1782088380000,161.463,161.482,161.461,161.473
1782088440000,161.475,161.486,161.469,161.469
1782088500000,161.469,161.473,161.461,161.473
1782088560000,161.469,161.485,161.468,161.483
1782088620000,161.484,161.485,161.474,161.479
1782088680000,161.479,161.479,161.471,161.472
1782088740000,161.471,161.48,161.471,161.476
1782088800000,161.477,161.48,161.47,161.47
1782088860000,161.47,161.494,161.468,161.489
1782088920000,161.493,161.494,161.486,161.489
1782088980000,161.488,161.497,161.488,161.495
1782089040000,161.485,161.486,161.48,161.484
1782089100000,161.483,161.484,161.482,161.483
1782089160000,161.484,161.485,161.48,161.484
1782089220000,161.483,161.51,161.481,161.507
1782089280000,161.51,161.534,161.508,161.533
1782089340000,161.533,161.54,161.528,161.535
1782089400000,161.537,161.547,161.535,161.54
1782089460000,161.539,161.555,161.539,161.551
1782089520000,161.551,161.551,161.533,161.544
1782089580000,161.547,161.553,161.538,161.55
1782089640000,161.55,161.567,161.543,161.547
1782089700000,161.551,161.555,161.529,161.537
1782089760000,161.537,161.54,161.526,161.531
1782089820000,161.529,161.534,161.512,161.515
1782089880000,161.515,161.518,161.504,161.508
1782089940000,161.508,161.508,161.487,161.495
1782090000000,161.496,161.496,161.462,161.476
1782090060000,161.478,161.492,161.476,161.492
1782090120000,161.491,161.497,161.486,161.487
1782090180000,161.487,161.487,161.474,161.475
1782090240000,161.478,161.486,161.475,161.484
1782090300000,161.481,161.486,161.475,161.486
1782090360000,161.484,161.484,161.475,161.477
1782090420000,161.477,161.477,161.451,161.461
1782090480000,161.46,161.463,161.455,161.458
1782090540000,161.458,161.462,161.45,161.451
1782090600000,161.452,161.455,161.447,161.451
1782090660000,161.45,161.454,161.441,161.451
1782090720000,161.449,161.449,161.437,161.437
1782090780000,161.44,161.451,161.435,161.447
1782090840000,161.448,161.448,161.438,161.444
1782090900000,161.444,161.456,161.436,161.456
1782090960000,161.453,161.46,161.449,161.458
1782091020000,161.461,161.472,161.458,161.467
1782091080000,161.467,161.481,161.467,161.478
1782091140000,161.477,161.485,161.472,161.484
1782091200000,161.483,161.491,161.48,161.489
1782091260000,161.49,161.491,161.485,161.49
1782091320000,161.492,161.492,161.488,161.491
1782091380000,161.494,161.494,161.486,161.491
1782091440000,161.49,161.492,161.487,161.491
1782091500000,161.491,161.491,161.478,161.48
1782091560000,161.481,161.485,161.473,161.475
1782091620000,161.476,161.476,161.454,161.457
1782091680000,161.456,161.462,161.452,161.46
1782091740000,161.461,161.467,161.461,161.467
1782091800000,161.465,161.479,161.465,161.478
1782091860000,161.479,161.493,161.478,161.491
1782091920000,161.492,161.493,161.476,161.476
1782091980000,161.475,161.477,161.463,161.468
1782092040000,161.467,161.467,161.457,161.457
1782092100000,161.455,161.473,161.453,161.473
1782092160000,161.472,161.482,161.472,161.478
1782092220000,161.478,161.488,161.473,161.483
1782092280000,161.482,161.489,161.481,161.488
1782092340000,161.487,161.492,161.483,161.492
1782092400000,161.491,161.5,161.491,161.495
1782092460000,161.493,161.497,161.49,161.49
1782092520000,161.489,161.495,161.488,161.495
1782092580000,161.494,161.494,161.485,161.489
1782092640000,161.488,161.488,161.484,161.484
1782092700000,161.484,161.489,161.484,161.487
1782092760000,161.489,161.504,161.489,161.501
1782092820000,161.501,161.501,161.487,161.487
1782092880000,161.484,161.487,161.481,161.486
1782092940000,161.487,161.499,161.487,161.496
1782093000000,161.495,161.496,161.485,161.495
1782093060000,161.496,161.502,161.495,161.502
1782093120000,161.501,161.517,161.501,161.517
1782093180000,161.515,161.526,161.515,161.526
1782093240000,161.525,161.529,161.523,161.528
1782093300000,161.527,161.542,161.525,161.542
1782093360000,161.54,161.541,161.538,161.538
1782093420000,161.539,161.547,161.539,161.541
1782093480000,161.541,161.542,161.537,161.541
1782093540000,161.54,161.541,161.528,161.535
1782093600000,161.535,161.552,161.535,161.55
1782093660000,161.549,161.549,161.54,161.547
1782093720000,161.541,161.541,161.534,161.534
1782093780000,161.536,161.54,161.536,161.537
1782093840000,161.537,161.546,161.534,161.535
1782093900000,161.536,161.546,161.534,161.546
1782093960000,161.545,161.549,161.543,161.547
1782094020000,161.547,161.55,161.546,161.547
1782094080000,161.548,161.564,161.547,161.56
1782094140000,161.561,161.565,161.56,161.562
1782094200000,161.561,161.561,161.549,161.551
1782094260000,161.551,161.56,161.55,161.558
1782094320000,161.558,161.56,161.553,161.557
1782094380000,161.558,161.561,161.558,161.561
1782094440000,161.56,161.576,161.56,161.576
1782094500000,161.575,161.586,161.572,161.583
1782094560000,161.583,161.584,161.572,161.581
1782094620000,161.58,161.598,161.579,161.589
1782094680000,161.591,161.591,161.585,161.586
1782094740000,161.584,161.586,161.581,161.584
1782094800000,161.584,161.584,161.581,161.584
1782094860000,161.575,161.575,161.53,161.535
1782094920000,161.535,161.538,161.526,161.534
1782094980000,161.533,161.533,161.521,161.533
1782095040000,161.532,161.532,161.525,161.531
1782095100000,161.533,161.535,161.531,161.534
1782095160000,161.535,161.549,161.533,161.549
1782095220000,161.547,161.562,161.546,161.558
1782095280000,161.561,161.563,161.555,161.561
1782095340000,161.563,161.566,161.559,161.561
1782095400000,161.562,161.562,161.551,161.554
1782095460000,161.553,161.561,161.551,161.559
1782095520000,161.558,161.558,161.551,161.551
1782095580000,161.552,161.552,161.547,161.548
1782095640000,161.548,161.548,161.536,161.537
1782095700000,161.54,161.543,161.537,161.541
1782095760000,161.541,161.541,161.535,161.536
1782095820000,161.537,161.538,161.536,161.536
1782095880000,161.536,161.536,161.535,161.536
1782095940000,161.537,161.538,161.536,161.537
1782096000000,161.536,161.536,161.53,161.536
1782096060000,161.535,161.535,161.522,161.522
1782096120000,161.521,161.522,161.517,161.518
1782096180000,161.518,161.521,161.516,161.52
1782096240000,161.52,161.527,161.52,161.526
1782096300000,161.53,161.542,161.53,161.538
1782096360000,161.537,161.537,161.53,161.536
1782096420000,161.537,161.54,161.537,161.538
1782096480000,161.539,161.539,161.537,161.538
1782096540000,161.538,161.54,161.537,161.537
1782096600000,161.537,161.538,161.535,161.538
1782096660000,161.536,161.537,161.533,161.534
1782096720000,161.534,161.535,161.533,161.534
1782096780000,161.533,161.534,161.529,161.533
1782096840000,161.533,161.533,161.525,161.526
1782096900000,161.527,161.535,161.527,161.535
1782096960000,161.534,161.536,161.529,161.534
1782097020000,161.533,161.536,161.533,161.533
1782097080000,161.533,161.542,161.532,161.538
1782097140000,161.539,161.54,161.536,161.536
1782097200000,161.534,161.537,161.531,161.537
1782097260000,161.542,161.543,161.535,161.537
1782097320000,161.537,161.537,161.533,161.533
1782097380000,161.534,161.534,161.531,161.534
1782097440000,161.533,161.538,161.533,161.535
1782097500000,161.536,161.54,161.534,161.538
1782097560000,161.538,161.546,161.538,161.542
1782097620000,161.545,161.55,161.542,161.549
1782097680000,161.548,161.558,161.548,161.558
1782097740000,161.558,161.561,161.554,161.56
1782097800000,161.562,161.569,161.562,161.564
1782097860000,161.562,161.562,161.551,161.552
1782097920000,161.553,161.559,161.553,161.559
1782097980000,161.558,161.562,161.557,161.559
1782098040000,161.559,161.565,161.559,161.563
1782098100000,161.566,161.566,161.559,161.56
1782098160000,161.559,161.562,161.559,161.561
1782098220000,161.562,161.564,161.561,161.562
1782098280000,161.561,161.561,161.557,161.558
1782098340000,161.558,161.56,161.55,161.551
1782098400000,161.55,161.55,161.548,161.549
1782098460000,161.548,161.558,161.548,161.555
1782098520000,161.558,161.56,161.557,161.558
1782098580000,161.559,161.559,161.557,161.557
1782098640000,161.559,161.559,161.551,161.551
1782098700000,161.551,161.559,161.551,161.556
1782098760000,161.556,161.563,161.556,161.561
1782098820000,161.561,161.561,161.559,161.56
1782098880000,161.562,161.563,161.56,161.562
1782098940000,161.564,161.575,161.563,161.575
1782099000000,161.581,161.597,161.579,161.588
1782099060000,161.586,161.591,161.582,161.588
1782099120000,161.589,161.591,161.581,161.586
1782099180000,161.585,161.604,161.585,161.598
1782099240000,161.599,161.6,161.593,161.6
1782099300000,161.598,161.603,161.597,161.601
1782099360000,161.601,161.604,161.598,161.6
1782099420000,161.601,161.601,161.592,161.594
1782099480000,161.595,161.596,161.579,161.581
1782099540000,161.581,161.584,161.575,161.584
1782099600000,161.583,161.585,161.578,161.585
1782099660000,161.584,161.586,161.579,161.586
1782099720000,161.584,161.586,161.582,161.586
1782099780000,161.586,161.586,161.575,161.581
1782099840000,161.58,161.581,161.576,161.578
1782099900000,161.576,161.576,161.573,161.573
1782099960000,161.574,161.574,161.562,161.563
1782100020000,161.562,161.567,161.562,161.563
1782100080000,161.562,161.564,161.561,161.563
1782100140000,161.562,161.562,161.56,161.562
1782100200000,161.562,161.563,161.56,161.562
1782100260000,161.561,161.564,161.56,161.562
1782100320000,161.561,161.565,161.56,161.56
1782100380000,161.559,161.563,161.559,161.563
1782100440000,161.562,161.572,161.562,161.572
1782100500000,161.571,161.578,161.571,161.577
1782100560000,161.576,161.583,161.575,161.583
1782100620000,161.583,161.59,161.583,161.586
1782100680000,161.586,161.588,161.583,161.586
1782100740000,161.587,161.59,161.584,161.585
1782100800000,161.585,161.587,161.585,161.586
1782100860000,161.585,161.59,161.583,161.587
1782100920000,161.588,161.588,161.586,161.587
1782100980000,161.593,161.596,161.589,161.589
1782101040000,161.591,161.597,161.589,161.594
1782101100000,161.595,161.598,161.593,161.597
1782101160000,161.598,161.629,161.598,161.613
1782101220000,161.615,161.626,161.615,161.625
1782101280000,161.623,161.627,161.615,161.626
1782101340000,161.627,161.627,161.617,161.618
1782101400000,161.619,161.626,161.618,161.621
1782101460000,161.622,161.626,161.62,161.62
1782101520000,161.619,161.639,161.616,161.637
1782101580000,161.636,161.645,161.636,161.639
1782101640000,161.637,161.646,161.637,161.646
1782101700000,161.652,161.66,161.648,161.658
1782101760000,161.655,161.655,161.641,161.652
1782101820000,161.653,161.654,161.65,161.652
1782101880000,161.653,161.657,161.651,161.657
1782101940000,161.656,161.656,161.649,161.65
1782102000000,161.651,161.651,161.638,161.639
1782102060000,161.638,161.653,161.638,161.653
1782102120000,161.654,161.654,161.643,161.644
1782102180000,161.647,161.652,161.644,161.651
1782102240000,161.65,161.654,161.65,161.651
1782102300000,161.65,161.655,161.65,161.655
1782102360000,161.655,161.663,161.653,161.663
1782102420000,161.666,161.666,161.66,161.664
1782102480000,161.665,161.665,161.655,161.655
1782102540000,161.656,161.66,161.656,161.656
1782102600000,161.655,161.656,161.654,161.656
1782102660000,161.656,161.66,161.655,161.656
1782102720000,161.657,161.674,161.657,161.674
1782102780000,161.672,161.672,161.665,161.665
1782102840000,161.665,161.668,161.665,161.666
1782102900000,161.665,161.666,161.656,161.658
1782102960000,161.659,161.666,161.658,161.664
1782103020000,161.666,161.669,161.665,161.668
1782103080000,161.668,161.67,161.667,161.669
1782103140000,161.667,161.667,161.664,161.666
1782103200000,161.668,161.669,161.664,161.665
1782103260000,161.666,161.667,161.665,161.667
1782103320000,161.666,161.668,161.664,161.668
1782103380000,161.667,161.671,161.667,161.667
1782103440000,161.667,161.672,161.664,161.664
1782103500000,161.664,161.668,161.664,161.666
1782103560000,161.668,161.668,161.655,161.656
1782103620000,161.66,161.684,161.66,161.682
1782103680000,161.683,161.685,161.681,161.682
1782103740000,161.681,161.691,161.681,161.681
1782103800000,161.68,161.69,161.68,161.688
1782103860000,161.689,161.689,161.679,161.682
1782103920000,161.681,161.681,161.68,161.681
1782103980000,161.681,161.682,161.675,161.679
1782104040000,161.679,161.679,161.676,161.677
1782104100000,161.677,161.682,161.677,161.68
1782104160000,161.679,161.679,161.673,161.673
1782104220000,161.675,161.675,161.662,161.662
1782104280000,161.662,161.676,161.662,161.676
1782104340000,161.674,161.675,161.666,161.666
1782104400000,161.666,161.678,161.666,161.67
1782104460000,161.675,161.682,161.673,161.673
1782104520000,161.676,161.677,161.662,161.665
1782104580000,161.666,161.667,161.664,161.667
1782104640000,161.667,161.67,161.665,161.67
1782104700000,161.671,161.678,161.668,161.668
1782104760000,161.667,161.667,161.662,161.665
1782104820000,161.663,161.663,161.645,161.65
1782104880000,161.651,161.657,161.651,161.656
1782104940000,161.663,161.665,161.661,161.664
1782105000000,161.665,161.666,161.663,161.663
1782105060000,161.664,161.677,161.664,161.671
1782105120000,161.67,161.673,161.67,161.671
1782105180000,161.67,161.671,161.663,161.665
1782105240000,161.664,161.665,161.659,161.665
1782105300000,161.664,161.666,161.658,161.658
1782105360000,161.658,161.666,161.658,161.666
1782105420000,161.666,161.672,161.665,161.667
1782105480000,161.667,161.671,161.667,161.67
1782105540000,161.668,161.673,161.667,161.667
1782105600000,161.668,161.67,161.665,161.665
1782105660000,161.664,161.669,161.664,161.667
1782105720000,161.668,161.67,161.666,161.666
1782105780000,161.667,161.668,161.663,161.667
1782105840000,161.666,161.667,161.663,161.667
1782105900000,161.667,161.667,161.659,161.659
1782105960000,161.66,161.663,161.655,161.661
1782106020000,161.662,161.667,161.659,161.664
1782106080000,161.663,161.663,161.655,161.659
1782106140000,161.657,161.658,161.644,161.646
1782106200000,161.646,161.647,161.64,161.647
1782106260000,161.646,161.656,161.645,161.655
1782106320000,161.656,161.656,161.654,161.654
1782106380000,161.654,161.654,161.641,161.645
1782106440000,161.645,161.645,161.641,161.644
1782106500000,161.644,161.644,161.641,161.641
1782106560000,161.642,161.644,161.64,161.641
1782106620000,161.641,161.644,161.64,161.642
1782106680000,161.642,161.654,161.642,161.654
1782106740000,161.654,161.657,161.654,161.657
1782106800000,161.658,161.658,161.655,161.655
1782106860000,161.654,161.656,161.654,161.656
1782106920000,161.657,161.66,161.649,161.652
1782106980000,161.654,161.658,161.653,161.658
1782107040000,161.66,161.66,161.657,161.658
1782107100000,161.658,161.658,161.655,161.658
1782107160000,161.666,161.674,161.666,161.671
1782107220000,161.671,161.671,161.67,161.671
1782107280000,161.672,161.676,161.671,161.673
1782107340000,161.674,161.674,161.665,161.667
1782107400000,161.668,161.682,161.668,161.673
1782107460000,161.674,161.683,161.674,161.682
1782107520000,161.681,161.681,161.667,161.676
1782107580000,161.674,161.676,161.667,161.671
1782107640000,161.67,161.676,161.668,161.674
1782107700000,161.676,161.69,161.674,161.689
1782107760000,161.689,161.693,161.685,161.685
1782107820000,161.688,161.695,161.688,161.693
1782107880000,161.693,161.7,161.68,161.689
1782107940000,161.689,161.699,161.685,161.699
1782108000000,161.698,161.703,161.69,161.693
1782108060000,161.693,161.705,161.693,161.701
1782108120000,161.701,161.701,161.693,161.696
1782108180000,161.695,161.71,161.689,161.706
1782108240000,161.706,161.71,161.684,161.684
1782108300000,161.682,161.687,161.67,161.679
1782108360000,161.68,161.681,161.655,161.657
1782108420000,161.656,161.669,161.654,161.659
1782108480000,161.658,161.668,161.657,161.663
1782108540000,161.663,161.663,161.631,161.631
1782108600000,161.631,161.631,161.611,161.629
1782108660000,161.631,161.658,161.631,161.657
1782108720000,161.657,161.66,161.654,161.655
1782108780000,161.656,161.669,161.656,161.664
1782108840000,161.664,161.664,161.654,161.654
1782108900000,161.655,161.657,161.64,161.643
1782108960000,161.643,161.654,161.641,161.654
1782109020000,161.651,161.653,161.641,161.645
1782109080000,161.644,161.653,161.644,161.648
1782109140000,161.648,161.654,161.646,161.652
1782109200000,161.649,161.654,161.632,161.632
1782109260000,161.631,161.641,161.628,161.64
1782109320000,161.64,161.641,161.629,161.63
1782109380000,161.63,161.641,161.63,161.64
1782109440000,161.639,161.649,161.638,161.645
1782109500000,161.646,161.66,161.638,161.641
1782109560000,161.641,161.647,161.639,161.642
1782109620000,161.642,161.647,161.631,161.632
1782109680000,161.63,161.651,161.63,161.648
1782109740000,161.649,161.651,161.639,161.644
1782109800000,161.645,161.659,161.64,161.645
1782109860000,161.646,161.666,161.645,161.666
1782109920000,161.663,161.673,161.659,161.667
1782109980000,161.667,161.672,161.667,161.672
1782110040000,161.671,161.678,161.669,161.67
1782110100000,161.671,161.678,161.669,161.672
1782110160000,161.673,161.681,161.671,161.674
1782110220000,161.674,161.68,161.669,161.678
1782110280000,161.682,161.699,161.682,161.696
1782110340000,161.697,161.71,161.693,161.709
1782110400000,161.71,161.713,161.698,161.7
1782110460000,161.699,161.699,161.684,161.684
1782110520000,161.686,161.693,161.683,161.685
1782110580000,161.685,161.686,161.683,161.685
1782110640000,161.685,161.688,161.671,161.672
1782110700000,161.671,161.675,161.663,161.674
1782110760000,161.672,161.68,161.672,161.68
1782110820000,161.681,161.682,161.674,161.677
1782110880000,161.677,161.685,161.677,161.685
1782110940000,161.683,161.684,161.682,161.684
1782111000000,161.681,161.685,161.678,161.681
1782111060000,161.681,161.681,161.665,161.671
1782111120000,161.672,161.682,161.672,161.681
1782111180000,161.682,161.682,161.669,161.669
1782111240000,161.669,161.67,161.668,161.67
1782111300000,161.67,161.67,161.651,161.662
1782111360000,161.661,161.668,161.657,161.668
1782111420000,161.668,161.68,161.667,161.676
1782111480000,161.677,161.685,161.677,161.68
1782111540000,161.681,161.684,161.678,161.68
1782111600000,161.679,161.694,161.677,161.694
1782111660000,161.694,161.708,161.687,161.706
1782111720000,161.706,161.706,161.659,161.661
1782111780000,161.661,161.676,161.658,161.669
1782111840000,161.67,161.672,161.658,161.659
1782111900000,161.661,161.673,161.649,161.65
1782111960000,161.65,161.685,161.649,161.684
1782112020000,161.684,161.693,161.678,161.678
1782112080000,161.679,161.685,161.679,161.683
1782112140000,161.682,161.684,161.681,161.683
1782112200000,161.686,161.686,161.68,161.681
1782112260000,161.681,161.694,161.681,161.693
1782112320000,161.695,161.698,161.695,161.697
1782112380000,161.697,161.697,161.68,161.695
1782112440000,161.693,161.693,161.685,161.69
1782112500000,161.691,161.694,161.681,161.681
1782112560000,161.681,161.694,161.681,161.693
1782112620000,161.692,161.693,161.691,161.691
1782112680000,161.693,161.694,161.691,161.694
1782112740000,161.694,161.699,161.692,161.694
1782112800000,161.694,161.699,161.693,161.693
1782112860000,161.694,161.702,161.694,161.701
1782112920000,161.702,161.714,161.702,161.702
1782112980000,161.703,161.739,161.703,161.737
1782113040000,161.738,161.738,161.726,161.726
1782113100000,161.727,161.74,161.727,161.737
1782113160000,161.736,161.74,161.73,161.731
1782113220000,161.731,161.732,161.729,161.73
1782113280000,161.734,161.737,161.727,161.73
1782113340000,161.73,161.738,161.726,161.737
1782113400000,161.737,161.75,161.737,161.747
1782113460000,161.749,161.749,161.73,161.735
1782113520000,161.736,161.743,161.734,161.739
1782113580000,161.738,161.741,161.73,161.739
1782113640000,161.739,161.739,161.73,161.731
1782113700000,161.729,161.734,161.728,161.728
1782113760000,161.728,161.73,161.728,161.729
1782113820000,161.73,161.734,161.729,161.73
1782113880000,161.73,161.741,161.73,161.738
1782113940000,161.74,161.742,161.731,161.738
1782114000000,161.737,161.739,161.736,161.739
1782114060000,161.739,161.743,161.735,161.742
1782114120000,161.743,161.749,161.742,161.748
1782114180000,161.748,161.756,161.747,161.754
1782114240000,161.753,161.766,161.753,161.764
1782114300000,161.765,161.765,161.757,161.765
1782114360000,161.761,161.763,161.755,161.756
1782114420000,161.756,161.76,161.754,161.755
1782114480000,161.754,161.758,161.754,161.757
1782114540000,161.756,161.756,161.747,161.747
1782114600000,161.745,161.746,161.733,161.737
1782114660000,161.738,161.741,161.736,161.74
1782114720000,161.741,161.746,161.74,161.745
1782114780000,161.749,161.76,161.749,161.758
1782114840000,161.757,161.759,161.752,161.753
1782114900000,161.752,161.752,161.742,161.743
1782114960000,161.745,161.757,161.745,161.757
1782115020000,161.758,161.761,161.754,161.759
1782115080000,161.758,161.758,161.74,161.743
1782115140000,161.741,161.743,161.74,161.74
1782115200000,161.738,161.738,161.714,161.714
1782115260000,161.716,161.72,161.713,161.718
1782115320000,161.718,161.722,161.714,161.716
1782115380000,161.721,161.728,161.715,161.719
1782115440000,161.72,161.721,161.707,161.707
1782115500000,161.705,161.72,161.705,161.717
1782115560000,161.718,161.749,161.718,161.745
1782115620000,161.744,161.744,161.731,161.74
1782115680000,161.739,161.74,161.731,161.738
1782115740000,161.736,161.744,161.734,161.744
1782115800000,161.744,161.762,161.744,161.756
1782115860000,161.756,161.774,161.756,161.766
1782115920000,161.768,161.774,161.767,161.768
1782115980000,161.767,161.769,161.763,161.769
1782116040000,161.768,161.777,161.768,161.774
1782116100000,161.777,161.784,161.772,161.773
1782116160000,161.775,161.78,161.767,161.778
1782116220000,161.777,161.777,161.758,161.758
1782116280000,161.758,161.76,161.755,161.757
1782116340000,161.754,161.756,161.75,161.755
1782116400000,161.756,161.761,161.751,161.754
1782116460000,161.754,161.757,161.729,161.729
1782116520000,161.731,161.74,161.722,161.737
1782116580000,161.736,161.745,161.735,161.741
1782116640000,161.74,161.763,161.738,161.762
1782116700000,161.762,161.773,161.76,161.76
1782116760000,161.761,161.77,161.76,161.767
1782116820000,161.766,161.766,161.754,161.76
1782116880000,161.76,161.76,161.747,161.753
1782116940000,161.753,161.754,161.745,161.745
1782117000000,161.746,161.746,161.732,161.736
1782117060000,161.735,161.735,161.717,161.724
1782117120000,161.726,161.746,161.726,161.739
1782117180000,161.742,161.749,161.732,161.741
1782117240000,161.742,161.746,161.735,161.741
1782117300000,161.741,161.741,161.717,161.725
1782117360000,161.726,161.736,161.726,161.732
1782117420000,161.732,161.742,161.729,161.736
1782117480000,161.737,161.757,161.737,161.757
1782117540000,161.756,161.756,161.743,161.752
1782117600000,161.753,161.761,161.753,161.761
1782117660000,161.762,161.762,161.754,161.761
1782117720000,161.76,161.761,161.752,161.752
1782117780000,161.752,161.759,161.752,161.759
1782117840000,161.761,161.772,161.757,161.757
1782117900000,161.757,161.761,161.757,161.761
1782117960000,161.761,161.77,161.759,161.769
1782118020000,161.771,161.774,161.767,161.772
1782118080000,161.773,161.773,161.76,161.761
1782118140000,161.763,161.77,161.761,161.77
1782118200000,161.769,161.773,161.762,161.766
1782118260000,161.766,161.777,161.764,161.777
1782118320000,161.775,161.786,161.775,161.784
1782118380000,161.784,161.784,161.773,161.777
1782118440000,161.777,161.784,161.777,161.784
1782118500000,161.784,161.784,161.773,161.775
1782118560000,161.776,161.78,161.773,161.778
1782118620000,161.778,161.785,161.774,161.784
1782118680000,161.784,161.784,161.777,161.778
1782118740000,161.776,161.779,161.768,161.77
1782118800000,161.768,161.773,161.767,161.77
1782118860000,161.769,161.77,161.753,161.754
1782118920000,161.753,161.763,161.753,161.754
1782118980000,161.756,161.759,161.742,161.743
1782119040000,161.741,161.743,161.725,161.743
1782119100000,161.743,161.746,161.726,161.733
1782119160000,161.733,161.734,161.713,161.717
1782119220000,161.717,161.734,161.717,161.733
1782119280000,161.732,161.734,161.73,161.731
1782119340000,161.731,161.731,161.723,161.723
1782119400000,161.725,161.725,161.715,161.721
1782119460000,161.721,161.732,161.718,161.721
1782119520000,161.722,161.722,161.706,161.716
1782119580000,161.716,161.726,161.716,161.726
1782119640000,161.724,161.728,161.72,161.721
1782119700000,161.72,161.732,161.72,161.732
1782119760000,161.731,161.732,161.726,161.73
1782119820000,161.73,161.739,161.726,161.738
1782119880000,161.738,161.744,161.738,161.742
1782119940000,161.742,161.742,161.728,161.728
1782120000000,161.726,161.734,161.722,161.734
1782120060000,161.735,161.741,161.731,161.737
1782120120000,161.736,161.74,161.732,161.736
1782120180000,161.736,161.741,161.734,161.738
1782120240000,161.737,161.738,161.731,161.731
1782120300000,161.731,161.734,161.73,161.732
1782120360000,161.732,161.738,161.728,161.735
1782120420000,161.736,161.744,161.736,161.743
1782120480000,161.744,161.756,161.743,161.753
1782120540000,161.753,161.753,161.746,161.748
1782120600000,161.748,161.754,161.743,161.744
1782120660000,161.744,161.754,161.742,161.748
1782120720000,161.748,161.749,161.744,161.749
1782120780000,161.749,161.754,161.723,161.724
1782120840000,161.723,161.737,161.719,161.737
1782120900000,161.738,161.744,161.736,161.743
1782120960000,161.744,161.744,161.737,161.743
1782121020000,161.744,161.749,161.742,161.743
1782121080000,161.743,161.744,161.729,161.73
1782121140000,161.73,161.73,161.723,161.726
1782121200000,161.725,161.736,161.724,161.735
1782121260000,161.735,161.747,161.735,161.746
1782121320000,161.748,161.754,161.747,161.752
1782121380000,161.751,161.757,161.75,161.754
1782121440000,161.754,161.756,161.752,161.755
1782121500000,161.753,161.764,161.752,161.753
1782121560000,161.752,161.759,161.752,161.757
1782121620000,161.756,161.756,161.739,161.742
1782121680000,161.742,161.743,161.739,161.739
1782121740000,161.739,161.739,161.731,161.733
1782121800000,161.732,161.732,161.72,161.725
1782121860000,161.723,161.73,161.715,161.724
1782121920000,161.726,161.727,161.719,161.72
1782121980000,161.721,161.725,161.72,161.722
1782122040000,161.721,161.728,161.72,161.728
1782122100000,161.728,161.728,161.723,161.727
1782122160000,161.727,161.737,161.727,161.736
1782122220000,161.738,161.74,161.731,161.737
1782122280000,161.737,161.742,161.732,161.742
1782122340000,161.743,161.743,161.739,161.742
1782122400000,161.743,161.748,161.741,161.742
1782122460000,161.741,161.743,161.737,161.737
1782122520000,161.737,161.738,161.731,161.738
1782122580000,161.738,161.743,161.738,161.742
1782122640000,161.741,161.744,161.74,161.742
1782122700000,161.742,161.742,161.736,161.737
1782122760000,161.737,161.738,161.731,161.738
1782122820000,161.737,161.738,161.722,161.725
1782122880000,161.725,161.726,161.715,161.723
1782122940000,161.724,161.724,161.709,161.72
1782123000000,161.721,161.722,161.71,161.713
1782123060000,161.713,161.716,161.711,161.711
1782123120000,161.712,161.726,161.712,161.724
1782123180000,161.726,161.726,161.723,161.725
1782123240000,161.725,161.725,161.719,161.72
1782123300000,161.72,161.73,161.72,161.73
1782123360000,161.729,161.729,161.718,161.719
1782123420000,161.717,161.724,161.713,161.713
1782123480000,161.715,161.724,161.714,161.724
1782123540000,161.725,161.726,161.722,161.725
1782123600000,161.724,161.727,161.72,161.725
1782123660000,161.725,161.726,161.701,161.702
1782123720000,161.702,161.702,161.697,161.697
1782123780000,161.695,161.699,161.693,161.699
1782123840000,161.699,161.699,161.685,161.685
1782123900000,161.686,161.686,161.67,161.671
1782123960000,161.672,161.674,161.667,161.67
1782124020000,161.668,161.671,161.654,161.654
1782124080000,161.654,161.677,161.654,161.675
1782124140000,161.675,161.69,161.675,161.685
1782124200000,161.685,161.687,161.681,161.685
1782124260000,161.686,161.708,161.685,161.704
1782124320000,161.706,161.71,161.705,161.707
1782124380000,161.707,161.717,161.707,161.716
1782124440000,161.716,161.718,161.713,161.716
1782124500000,161.718,161.723,161.717,161.721
1782124560000,161.72,161.728,161.719,161.727
1782124620000,161.728,161.733,161.725,161.731
1782124680000,161.73,161.733,161.73,161.733
1782124740000,161.729,161.739,161.729,161.733
1782124800000,161.733,161.733,161.716,161.716
1782124860000,161.717,161.721,161.717,161.718
1782124920000,161.718,161.718,161.71,161.713
1782124980000,161.712,161.713,161.71,161.711
1782125040000,161.711,161.723,161.711,161.723
1782125100000,161.723,161.723,161.711,161.712
1782125160000,161.712,161.712,161.708,161.709
1782125220000,161.711,161.714,161.708,161.714
1782125280000,161.714,161.723,161.714,161.715
1782125340000,161.715,161.725,161.715,161.724
1782125400000,161.724,161.725,161.714,161.723
1782125460000,161.724,161.725,161.722,161.725
1782125520000,161.725,161.725,161.715,161.715
1782125580000,161.715,161.716,161.711,161.713
1782125640000,161.715,161.715,161.713,161.714
1782125700000,161.714,161.718,161.711,161.711
1782125760000,161.711,161.719,161.709,161.713
1782125820000,161.714,161.722,161.714,161.719
1782125880000,161.72,161.727,161.719,161.727
1782125940000,161.725,161.727,161.723,161.726
1782126000000,161.725,161.744,161.723,161.74
1782126060000,161.738,161.738,161.734,161.737
1782126120000,161.738,161.739,161.734,161.737
1782126180000,161.738,161.743,161.738,161.741
1782126240000,161.74,161.742,161.711,161.723
1782126300000,161.723,161.724,161.706,161.711
1782126360000,161.712,161.718,161.674,161.685
1782126420000,161.685,161.707,161.679,161.707
1782126480000,161.706,161.706,161.696,161.703
1782126540000,161.703,161.715,161.703,161.715
1782126600000,161.716,161.732,161.715,161.731
1782126660000,161.73,161.738,161.729,161.732
1782126720000,161.732,161.736,161.725,161.727
1782126780000,161.725,161.731,161.723,161.729
1782126840000,161.729,161.729,161.715,161.717
1782126900000,161.719,161.728,161.719,161.725
1782126960000,161.725,161.733,161.725,161.731
1782127020000,161.73,161.74,161.728,161.73
1782127080000,161.728,161.728,161.722,161.725
1782127140000,161.726,161.731,161.725,161.727
1782127200000,161.727,161.727,161.715,161.717
1782127260000,161.716,161.716,161.711,161.715
1782127320000,161.717,161.719,161.715,161.719
1782127380000,161.717,161.731,161.717,161.726
1782127440000,161.725,161.729,161.725,161.726
1782127500000,161.727,161.744,161.725,161.743
1782127560000,161.743,161.743,161.739,161.739
1782127620000,161.742,161.743,161.737,161.738
1782127680000,161.738,161.738,161.733,161.735
1782127740000,161.736,161.74,161.733,161.739
1782127800000,161.739,161.74,161.729,161.73
1782127860000,161.729,161.73,161.714,161.715
1782127920000,161.715,161.715,161.707,161.708
1782127980000,161.708,161.715,161.708,161.715
1782128040000,161.714,161.723,161.712,161.723
1782128100000,161.722,161.727,161.719,161.727
1782128160000,161.729,161.736,161.728,161.733
1782128220000,161.731,161.731,161.727,161.727
1782128280000,161.729,161.732,161.729,161.729
1782128340000,161.728,161.733,161.728,161.729
1782128400000,161.727,161.734,161.727,161.732
1782128460000,161.73,161.737,161.73,161.73
1782128520000,161.729,161.731,161.729,161.73
1782128580000,161.732,161.733,161.732,161.733
1782128640000,161.731,161.731,161.726,161.727
1782128700000,161.727,161.731,161.726,161.728
1782128760000,161.727,161.729,161.726,161.729
1782128820000,161.729,161.73,161.724,161.727
1782128880000,161.729,161.731,161.725,161.726
1782128940000,161.726,161.728,161.721,161.728
1782129000000,161.727,161.737,161.727,161.737
1782129060000,161.741,161.753,161.741,161.751
1782129120000,161.752,161.762,161.749,161.749
1782129180000,161.75,161.758,161.75,161.752
1782129240000,161.753,161.756,161.752,161.754
1782129300000,161.756,161.771,161.756,161.766
1782129360000,161.764,161.774,161.764,161.772
1782129420000,161.771,161.78,161.766,161.779
1782129480000,161.778,161.779,161.774,161.775
1782129540000,161.773,161.781,161.764,161.764
1782129600000,161.763,161.774,161.758,161.772
1782129660000,161.773,161.782,161.773,161.777
1782129720000,161.777,161.782,161.767,161.776
1782129780000,161.775,161.775,161.757,161.763
1782129840000,161.764,161.764,161.749,161.75
1782129900000,161.749,161.753,161.742,161.752
1782129960000,161.751,161.762,161.751,161.759
1782130020000,161.757,161.765,161.753,161.764
1782130080000,161.765,161.774,161.765,161.766
1782130140000,161.767,161.773,161.763,161.763
1782130200000,161.765,161.769,161.765,161.769
1782130260000,161.767,161.769,161.762,161.763
1782130320000,161.761,161.761,161.75,161.752
1782130380000,161.753,161.769,161.751,161.763
1782130440000,161.765,161.766,161.758,161.763
1782130500000,161.764,161.766,161.762,161.765
1782130560000,161.763,161.769,161.763,161.767
1782130620000,161.767,161.78,161.767,161.78
1782130680000,161.778,161.781,161.766,161.767
1782130740000,161.766,161.767,161.753,161.761
1782130800000,161.766,161.766,161.761,161.762
1782130860000,161.762,161.762,161.751,161.751
1782130920000,161.751,161.752,161.737,161.747
1782130980000,161.748,161.749,161.74,161.74
1782131040000,161.738,161.738,161.734,161.734
1782131100000,161.735,161.743,161.735,161.739
1782131160000,161.737,161.748,161.737,161.748
1782131220000,161.748,161.762,161.748,161.756
1782131280000,161.755,161.765,161.751,161.751
1782131340000,161.751,161.751,161.749,161.749
1782131400000,161.749,161.753,161.74,161.746
1782131460000,161.746,161.756,161.746,161.75
1782131520000,161.749,161.753,161.747,161.747
1782131580000,161.747,161.757,161.736,161.751
1782131640000,161.753,161.757,161.747,161.749
1782131700000,161.749,161.749,161.734,161.737
1782131760000,161.738,161.743,161.735,161.741
1782131820000,161.742,161.753,161.741,161.75
1782131880000,161.751,161.752,161.749,161.751
1782131940000,161.753,161.754,161.75,161.753
1782132000000,161.75,161.754,161.733,161.735
1782132060000,161.737,161.737,161.724,161.725
1782132120000,161.726,161.739,161.725,161.734
1782132180000,161.733,161.74,161.725,161.737
1782132240000,161.738,161.754,161.737,161.752
1782132300000,161.752,161.753,161.742,161.752
1782132360000,161.752,161.763,161.749,161.761
1782132420000,161.761,161.761,161.752,161.753
1782132480000,161.752,161.756,161.744,161.746
1782132540000,161.748,161.748,161.737,161.739
1782132600000,161.739,161.742,161.738,161.742
1782132660000,161.742,161.746,161.738,161.739
1782132720000,161.737,161.739,161.732,161.737
1782132780000,161.736,161.742,161.736,161.739
1782132840000,161.74,161.752,161.74,161.741
1782132900000,161.741,161.753,161.739,161.751
1782132960000,161.75,161.763,161.744,161.754
1782133020000,161.754,161.764,161.754,161.764
1782133080000,161.763,161.77,161.763,161.764
1782133140000,161.764,161.779,161.764,161.773
1782133200000,161.773,161.785,161.755,161.77
1782133260000,161.771,161.8,161.77,161.777
1782133320000,161.778,161.781,161.77,161.778
1782133380000,161.778,161.779,161.733,161.744
1782133440000,161.743,161.763,161.738,161.762
1782133500000,161.763,161.765,161.753,161.754
1782133560000,161.754,161.778,161.753,161.777
1782133620000,161.778,161.797,161.776,161.787
1782133680000,161.789,161.795,161.781,161.784
1782133740000,161.786,161.786,161.776,161.781
1782133800000,161.783,161.787,161.763,161.766
1782133860000,161.764,161.776,161.742,161.753
1782133920000,161.754,161.772,161.752,161.767
1782133980000,161.767,161.782,161.765,161.778
1782134040000,161.777,161.786,161.774,161.778
1782134100000,161.781,161.797,161.779,161.793
1782134160000,161.792,161.797,161.789,161.797
1782134220000,161.796,161.802,161.787,161.79
1782134280000,161.788,161.79,161.777,161.789
1782134340000,161.79,161.794,161.79,161.794
1782134400000,161.793,161.807,161.79,161.805
1782134460000,161.807,161.847,161.805,161.843
1782134520000,161.843,161.843,161.802,161.809
1782134580000,161.809,161.827,161.806,161.815
1782134640000,161.817,161.849,161.816,161.848
1782134700000,161.847,161.847,161.831,161.846
1782134760000,161.845,161.851,161.842,161.848
1782134820000,161.848,161.848,161.843,161.845
1782134880000,161.845,161.846,161.836,161.841
1782134940000,161.842,161.845,161.835,161.84
1782135000000,161.84,161.851,161.835,161.843
1782135060000,161.846,161.853,161.844,161.849
1782135120000,161.848,161.849,161.836,161.844
1782135180000,161.846,161.883,161.844,161.872
1782135240000,161.873,161.873,161.849,161.859
1782135300000,161.86,161.86,161.842,161.847
1782135360000,161.848,161.849,161.829,161.833
1782135420000,161.831,161.836,161.819,161.821
1782135480000,161.82,161.844,161.814,161.843
1782135540000,161.842,161.843,161.83,161.835
1782135600000,161.835,161.858,161.83,161.857
1782135660000,161.856,161.873,161.853,161.873
1782135720000,161.874,161.882,161.869,161.869
1782135780000,161.869,161.882,161.867,161.882
1782135840000,161.882,161.882,161.867,161.867
1782135900000,161.866,161.885,161.866,161.885
1782135960000,161.885,161.887,161.868,161.871
1782136020000,161.869,161.87,161.853,161.854
1782136080000,161.854,161.875,161.844,161.875
1782136140000,161.875,161.882,161.872,161.874
1782136200000,161.873,161.885,161.873,161.884
1782136260000,161.885,161.885,161.879,161.882
1782136320000,161.883,161.9,161.882,161.894
1782136380000,161.893,161.894,161.876,161.876
1782136440000,161.876,161.891,161.876,161.889
1782136500000,161.889,161.895,161.882,161.892
1782136560000,161.892,161.896,161.888,161.894
1782136620000,161.893,161.898,161.891,161.891
1782136680000,161.895,161.9,161.892,161.896
1782136740000,161.899,161.904,161.894,161.896
1782136800000,161.897,161.899,161.879,161.882
1782136860000,161.882,161.885,161.881,161.882
1782136920000,161.882,161.894,161.877,161.892
1782136980000,161.892,161.926,161.891,161.918
1782137040000,161.918,161.919,161.893,161.895
1782137100000,161.895,161.902,161.89,161.898
1782137160000,161.898,161.91,161.896,161.909
1782137220000,161.909,161.909,161.669,161.846
1782137280000,161.847,161.849,161.205,161.469
1782137340000,161.468,161.64,161.453,161.639
1782137400000,161.639,161.679,161.567,161.673
1782137460000,161.672,161.731,161.672,161.7
1782137520000,161.7,161.704,161.618,161.646
1782137580000,161.647,161.678,161.623,161.65
1782137640000,161.649,161.696,161.649,161.693
1782137700000,161.692,161.7,161.663,161.698
1782137760000,161.698,161.709,161.656,161.677
1782137820000,161.679,161.736,161.679,161.73
1782137880000,161.73,161.761,161.724,161.761
1782137940000,161.761,161.777,161.746,161.769
1782138000000,161.768,161.783,161.749,161.781
1782138060000,161.78,161.78,161.744,161.744
1782138120000,161.745,161.759,161.72,161.743
1782138180000,161.742,161.747,161.714,161.719
1782138240000,161.719,161.731,161.714,161.721
1782138300000,161.72,161.755,161.719,161.746
1782138360000,161.746,161.759,161.716,161.716
1782138420000,161.715,161.723,161.689,161.691
1782138480000,161.691,161.719,161.691,161.704
1782138540000,161.705,161.707,161.68,161.689
1782138600000,161.689,161.72,161.686,161.713
1782138660000,161.712,161.722,161.701,161.706
1782138720000,161.704,161.746,161.702,161.746
1782138780000,161.749,161.756,161.737,161.738
1782138840000,161.738,161.756,161.736,161.754
1782138900000,161.756,161.757,161.739,161.74
1782138960000,161.739,161.745,161.725,161.727
1782139020000,161.726,161.754,161.725,161.727
1782139080000,161.728,161.729,161.716,161.728
1782139140000,161.727,161.728,161.685,161.699
1782139200000,161.701,161.716,161.699,161.703
1782139260000,161.702,161.702,161.631,161.647
1782139320000,161.646,161.678,161.646,161.665
1782139380000,161.665,161.665,161.321,161.439
1782139440000,161.439,161.542,161.404,161.51
1782139500000,161.513,161.527,161.397,161.444
1782139560000,161.442,161.49,161.22,161.22
1782139620000,161.209,161.382,161.163,161.326
1782139680000,161.327,161.369,161.3,161.325
1782139740000,161.326,161.355,161.199,161.264
1782139800000,161.268,161.277,161.209,161.252
1782139860000,161.251,161.254,161.071,161.153
1782139920000,161.154,161.154,161.088,161.127
1782139980000,161.127,161.16,161.09,161.139
1782140040000,161.137,161.283,161.113,161.255
1782140100000,161.259,161.344,161.186,161.214
1782140160000,161.214,161.254,161.187,161.247
1782140220000,161.248,161.284,161.248,161.254
1782140280000,161.254,161.299,161.25,161.295
1782140340000,161.296,161.331,161.294,161.328
1782140400000,161.33,161.359,161.296,161.306
1782140460000,161.307,161.323,161.269,161.273
1782140520000,161.276,161.343,161.241,161.262
1782140580000,161.266,161.282,161.257,161.274
1782140640000,161.273,161.277,161.212,161.219
1782140700000,161.222,161.242,161.208,161.227
1782140760000,161.223,161.226,161.164,161.188
1782140820000,161.188,161.202,161.172,161.198
1782140880000,161.198,161.221,161.197,161.219
1782140940000,161.22,161.258,161.215,161.245
1782141000000,161.245,161.245,161.165,161.174
1782141060000,161.174,161.204,161.169,161.19
1782141120000,161.19,161.204,161.167,161.192
1782141180000,161.189,161.219,161.189,161.214
1782141240000,161.217,161.217,161.187,161.203
1782141300000,161.204,161.23,161.202,161.203
1782141360000,161.203,161.232,161.192,161.227
1782141420000,161.227,161.244,161.215,161.216
1782141480000,161.216,161.216,161.181,161.192
1782141540000,161.191,161.192,161.166,161.171
1782141600000,161.172,161.233,161.17,161.229
1782141660000,161.229,161.251,161.224,161.249
1782141720000,161.247,161.307,161.244,161.29
1782141780000,161.291,161.299,161.28,161.281
1782141840000,161.281,161.281,161.264,161.277
1782141900000,161.277,161.315,161.275,161.302
1782141960000,161.303,161.346,161.302,161.337
1782142020000,161.338,161.355,161.334,161.355
1782142080000,161.356,161.465,161.354,161.443
1782142140000,161.444,161.444,161.397,161.408
1782142200000,161.409,161.45,161.394,161.419
1782142260000,161.417,161.442,161.414,161.434
1782142320000,161.434,161.442,161.428,161.442
1782142380000,161.442,161.443,161.415,161.418
1782142440000,161.418,161.437,161.412,161.42
1782142500000,161.419,161.419,161.379,161.38
1782142560000,161.38,161.401,161.372,161.375
1782142620000,161.376,161.404,161.376,161.403
1782142680000,161.403,161.406,161.391,161.401
1782142740000,161.402,161.412,161.376,161.377
1782142800000,161.376,161.376,161.348,161.372
1782142860000,161.373,161.389,161.367,161.385
1782142920000,161.382,161.383,161.373,161.377
1782142980000,161.377,161.404,161.377,161.392
1782143040000,161.393,161.42,161.393,161.414
1782143100000,161.415,161.441,161.414,161.433
1782143160000,161.434,161.478,161.433,161.47
1782143220000,161.469,161.5,161.466,161.483
1782143280000,161.484,161.497,161.475,161.495
1782143340000,161.497,161.546,161.495,161.542
1782143400000,161.54,161.54,161.5,161.503
1782143460000,161.5,161.511,161.471,161.475
1782143520000,161.474,161.495,161.463,161.495
1782143580000,161.495,161.519,161.49,161.505
1782143640000,161.506,161.512,161.497,161.508
1782143700000,161.51,161.53,161.51,161.524
1782143760000,161.523,161.528,161.511,161.518
1782143820000,161.516,161.524,161.5,161.519
1782143880000,161.519,161.52,161.506,161.507
1782143940000,161.508,161.52,161.506,161.506
1782144000000,161.506,161.506,161.476,161.486
1782144060000,161.486,161.507,161.484,161.499
1782144120000,161.497,161.53,161.494,161.522
1782144180000,161.524,161.544,161.522,161.538
1782144240000,161.539,161.575,161.538,161.566
1782144300000,161.567,161.582,161.566,161.574
1782144360000,161.573,161.575,161.566,161.569
1782144420000,161.567,161.58,161.562,161.578
1782144480000,161.576,161.578,161.561,161.563
1782144540000,161.564,161.582,161.561,161.579
1782144600000,161.583,161.595,161.579,161.59
1782144660000,161.593,161.593,161.574,161.578
1782144720000,161.577,161.587,161.568,161.569
1782144780000,161.569,161.573,161.563,161.573
1782144840000,161.574,161.576,161.559,161.568
1782144900000,161.57,161.592,161.569,161.59
1782144960000,161.589,161.606,161.579,161.604
1782145020000,161.609,161.639,161.605,161.639
1782145080000,161.643,161.648,161.628,161.631
1782145140000,161.632,161.646,161.632,161.634
1782145200000,161.633,161.633,161.606,161.606
1782145260000,161.61,161.611,161.57,161.574
1782145320000,161.573,161.598,161.534,161.537
1782145380000,161.537,161.553,161.526,161.539
1782145440000,161.541,161.563,161.541,161.551
1782145500000,161.551,161.553,161.532,161.548
1782145560000,161.549,161.559,161.549,161.557
1782145620000,161.558,161.573,161.558,161.565
1782145680000,161.565,161.566,161.552,161.562
1782145740000,161.564,161.575,161.564,161.568
1782145800000,161.569,161.587,161.568,161.584
1782145860000,161.582,161.582,161.563,161.568
1782145920000,161.571,161.576,161.561,161.563
1782145980000,161.564,161.567,161.559,161.563
1782146040000,161.564,161.567,161.551,161.551
1782146100000,161.549,161.559,161.543,161.547
1782146160000,161.546,161.546,161.513,161.513
1782146220000,161.514,161.526,161.495,161.504
1782146280000,161.506,161.526,161.506,161.526
1782146340000,161.527,161.548,161.526,161.548
1782146400000,161.547,161.558,161.54,161.551
1782146460000,161.547,161.565,161.547,161.562
1782146520000,161.563,161.563,161.56,161.56
1782146580000,161.562,161.566,161.55,161.56
1782146640000,161.563,161.565,161.559,161.561
1782146700000,161.562,161.57,161.56,161.568
1782146760000,161.563,161.566,161.552,161.563
1782146820000,161.562,161.563,161.556,161.56
1782146880000,161.562,161.573,161.558,161.56
1782146940000,161.561,161.561,161.549,161.549
1782147000000,161.55,161.563,161.55,161.555
1782147060000,161.557,161.56,161.55,161.557
1782147120000,161.558,161.561,161.551,161.552
1782147180000,161.55,161.554,161.546,161.553
1782147240000,161.553,161.556,161.549,161.553
1782147300000,161.554,161.556,161.548,161.55
1782147360000,161.551,161.56,161.534,161.538
1782147420000,161.539,161.562,161.538,161.561
1782147480000,161.561,161.566,161.533,161.551
1782147540000,161.549,161.556,161.543,161.554
1782147600000,161.553,161.563,161.553,161.557
1782147660000,161.557,161.561,161.541,161.545
1782147720000,161.549,161.555,161.518,161.518
1782147780000,161.518,161.527,161.513,161.527
1782147840000,161.524,161.524,161.502,161.508
1782147900000,161.509,161.521,161.504,161.512
1782147960000,161.513,161.527,161.512,161.52
1782148020000,161.52,161.528,161.515,161.521
1782148080000,161.521,161.521,161.506,161.506
1782148140000,161.506,161.507,161.494,161.496
1782148200000,161.495,161.518,161.495,161.514
1782148260000,161.513,161.518,161.511,161.511
1782148320000,161.508,161.513,161.501,161.509
1782148380000,161.509,161.524,161.507,161.521
1782148440000,161.523,161.535,161.523,161.531
1782148500000,161.531,161.541,161.526,161.54
1782148560000,161.54,161.541,161.526,161.53
1782148620000,161.528,161.531,161.521,161.525
1782148680000,161.526,161.526,161.518,161.52
1782148740000,161.521,161.526,161.521,161.526
1782148800000,161.526,161.527,161.522,161.523
1782148860000,161.522,161.522,161.51,161.514
1782148920000,161.514,161.514,161.505,161.508
1782148980000,161.51,161.511,161.498,161.502
1782149040000,161.502,161.508,161.5,161.5
1782149100000,161.499,161.503,161.498,161.501
1782149160000,161.501,161.505,161.497,161.498
1782149220000,161.496,161.5,161.484,161.499
1782149280000,161.498,161.509,161.498,161.509
1782149340000,161.51,161.516,161.51,161.516
1782149400000,161.517,161.526,161.517,161.518
1782149460000,161.518,161.527,161.518,161.523
1782149520000,161.524,161.533,161.524,161.527
1782149580000,161.527,161.534,161.525,161.531
1782149640000,161.533,161.554,161.531,161.553
1782149700000,161.553,161.553,161.543,161.549
1782149760000,161.55,161.563,161.549,161.561
1782149820000,161.563,161.564,161.55,161.555
1782149880000,161.554,161.561,161.551,161.556
1782149940000,161.554,161.563,161.554,161.56
1782150000000,161.56,161.562,161.55,161.553
1782150060000,161.553,161.553,161.546,161.553
1782150120000,161.553,161.554,161.537,161.537
1782150180000,161.539,161.539,161.535,161.536
1782150240000,161.536,161.541,161.536,161.541
1782150300000,161.542,161.547,161.541,161.541
1782150360000,161.541,161.542,161.539,161.54
1782150420000,161.539,161.539,161.525,161.527
1782150480000,161.525,161.526,161.507,161.512
1782150540000,161.509,161.515,161.502,161.515
1782150600000,161.514,161.516,161.509,161.516
1782150660000,161.517,161.517,161.509,161.51
1782150720000,161.51,161.515,161.507,161.508
1782150780000,161.507,161.511,161.504,161.505
1782150840000,161.509,161.509,161.502,161.505
1782150900000,161.503,161.503,161.499,161.501
1782150960000,161.503,161.51,161.5,161.509
1782151020000,161.51,161.519,161.506,161.518
1782151080000,161.519,161.519,161.516,161.516
1782151140000,161.516,161.518,161.496,161.5
1782151200000,161.499,161.509,161.499,161.506
1782151260000,161.506,161.508,161.504,161.506
1782151320000,161.508,161.512,161.505,161.512
1782151380000,161.512,161.519,161.511,161.517
1782151440000,161.519,161.52,161.515,161.518
1782151500000,161.52,161.523,161.514,161.52
1782151560000,161.518,161.521,161.51,161.51
1782151620000,161.51,161.517,161.503,161.504
1782151680000,161.503,161.509,161.501,161.508
1782151740000,161.509,161.515,161.507,161.513
1782151800000,161.514,161.516,161.504,161.504
1782151860000,161.502,161.504,161.501,161.502
1782151920000,161.502,161.506,161.502,161.505
1782151980000,161.503,161.503,161.491,161.501
1782152040000,161.504,161.505,161.494,161.494
1782152100000,161.494,161.496,161.493,161.493
1782152160000,161.492,161.494,161.489,161.494
1782152220000,161.496,161.518,161.493,161.517
1782152280000,161.517,161.519,161.514,161.519
1782152340000,161.518,161.519,161.514,161.515
1782152400000,161.514,161.514,161.491,161.504
1782152460000,161.505,161.505,161.503,161.505
1782152520000,161.506,161.506,161.486,161.503
1782152580000,161.505,161.512,161.501,161.504
1782152640000,161.503,161.505,161.49,161.49
1782152700000,161.49,161.502,161.49,161.493
1782152760000,161.492,161.495,161.487,161.492
1782152820000,161.493,161.503,161.49,161.503
1782152880000,161.5,161.515,161.495,161.509
1782152940000,161.508,161.512,161.503,161.504
1782153000000,161.503,161.505,161.499,161.503
1782153060000,161.502,161.503,161.488,161.493
1782153120000,161.493,161.508,161.488,161.494
1782153180000,161.495,161.505,161.491,161.492
1782153240000,161.493,161.495,161.488,161.493
1782153300000,161.492,161.492,161.486,161.488
1782153360000,161.486,161.486,161.473,161.477
1782153420000,161.476,161.476,161.463,161.466
1782153480000,161.466,161.467,161.464,161.467
1782153540000,161.468,161.476,161.467,161.467
1782153600000,161.467,161.469,161.453,161.457
1782153660000,161.458,161.466,161.456,161.465
1782153720000,161.467,161.479,161.463,161.463
1782153780000,161.464,161.464,161.438,161.441
1782153840000,161.442,161.444,161.422,161.429
1782153900000,161.429,161.43,161.424,161.427
1782153960000,161.428,161.439,161.42,161.427
1782154020000,161.425,161.434,161.425,161.427
1782154080000,161.427,161.428,161.416,161.417
1782154140000,161.419,161.422,161.413,161.416
1782154200000,161.416,161.423,161.408,161.415
1782154260000,161.414,161.417,161.401,161.404
1782154320000,161.404,161.404,161.4,161.402
1782154380000,161.403,161.415,161.402,161.403
1782154440000,161.404,161.407,161.402,161.403
1782154500000,161.403,161.417,161.402,161.41
1782154560000,161.409,161.431,161.406,161.431
1782154620000,161.433,161.464,161.433,161.455
1782154680000,161.455,161.457,161.424,161.43
1782154740000,161.429,161.442,161.417,161.418
1782154800000,161.419,161.457,161.419,161.456
1782154860000,161.457,161.482,161.454,161.481
1782154920000,161.48,161.483,161.471,161.471
1782154980000,161.471,161.471,161.464,161.467
1782155040000,161.468,161.491,161.467,161.491
1782155100000,161.491,161.522,161.489,161.52
1782155160000,161.518,161.522,161.504,161.506
1782155220000,161.507,161.517,161.505,161.505
1782155280000,161.504,161.524,161.503,161.522
1782155340000,161.523,161.523,161.507,161.513
1782155400000,161.514,161.531,161.508,161.529
1782155460000,161.527,161.536,161.524,161.536
1782155520000,161.534,161.546,161.534,161.541
1782155580000,161.541,161.56,161.541,161.56
1782155640000,161.559,161.577,161.555,161.56
1782155700000,161.558,161.575,161.556,161.568
1782155760000,161.567,161.602,161.562,161.601
1782155820000,161.599,161.6,161.581,161.582
1782155880000,161.584,161.598,161.571,161.571
1782155940000,161.568,161.584,161.563,161.581
1782156000000,161.583,161.586,161.571,161.574
1782156060000,161.574,161.593,161.571,161.589
1782156120000,161.59,161.59,161.579,161.58
1782156180000,161.58,161.585,161.578,161.579
1782156240000,161.579,161.597,161.578,161.596
1782156300000,161.597,161.617,161.597,161.604
1782156360000,161.604,161.613,161.59,161.609
1782156420000,161.61,161.624,161.608,161.623
1782156480000,161.623,161.628,161.612,161.62
1782156540000,161.62,161.631,161.612,161.631
1782156600000,161.63,161.635,161.616,161.617
1782156660000,161.617,161.619,161.616,161.618
1782156720000,161.618,161.654,161.615,161.651
1782156780000,161.649,161.66,161.646,161.646
1782156840000,161.645,161.65,161.632,161.633
1782156900000,161.634,161.647,161.632,161.647
1782156960000,161.647,161.657,161.645,161.649
1782157020000,161.651,161.657,161.648,161.657
1782157080000,161.656,161.665,161.651,161.662
1782157140000,161.661,161.662,161.658,161.661
1782157200000,161.661,161.67,161.66,161.67
1782157260000,161.672,161.677,161.664,161.667
1782157320000,161.668,161.677,161.668,161.676
1782157380000,161.676,161.676,161.66,161.667
1782157440000,161.666,161.672,161.658,161.671
1782157500000,161.672,161.678,161.67,161.677
1782157560000,161.678,161.682,161.672,161.68
1782157620000,161.681,161.681,161.672,161.674
1782157680000,161.674,161.68,161.673,161.677
1782157740000,161.675,161.68,161.673,161.68
1782157800000,161.684,161.688,161.677,161.683
1782157860000,161.685,161.685,161.651,161.662
1782157920000,161.663,161.665,161.659,161.662
1782157980000,161.665,161.67,161.642,161.645
1782158040000,161.645,161.648,161.636,161.646
1782158100000,161.643,161.643,161.621,161.63
1782158160000,161.632,161.657,161.632,161.657
1782158220000,161.657,161.659,161.613,161.613
1782158280000,161.612,161.621,161.599,161.603
1782158340000,161.601,161.606,161.599,161.603
1782158400000,161.602,161.603,161.581,161.581
1782158460000,161.584,161.589,161.578,161.581
1782158520000,161.582,161.596,161.582,161.589
1782158580000,161.587,161.593,161.58,161.592
1782158640000,161.593,161.593,161.591,161.591
1782158700000,161.592,161.592,161.582,161.582
1782158760000,161.581,161.581,161.579,161.579
1782158820000,161.58,161.593,161.579,161.592
1782158880000,161.593,161.603,161.593,161.602
1782158940000,161.603,161.606,161.603,161.604
1782159000000,161.602,161.602,161.582,161.582
1782159060000,161.584,161.589,161.583,161.586
1782159120000,161.587,161.591,161.584,161.591
1782159180000,161.59,161.594,161.589,161.592
1782159240000,161.591,161.595,161.591,161.592
1782159300000,161.594,161.596,161.592,161.595
1782159360000,161.596,161.596,161.594,161.594
1782159420000,161.595,161.597,161.589,161.589
1782159480000,161.588,161.598,161.586,161.596
1782159540000,161.595,161.595,161.593,161.594
1782159600000,161.594,161.605,161.594,161.605
1782159660000,161.605,161.612,161.602,161.609
1782159720000,161.608,161.608,161.598,161.6
1782159780000,161.6,161.609,161.6,161.608
1782159840000,161.607,161.607,161.602,161.604
1782159900000,161.604,161.604,161.599,161.603
1782159960000,161.601,161.602,161.595,161.595
1782160020000,161.594,161.595,161.561,161.567
1782160080000,161.567,161.579,161.566,161.575
1782160140000,161.578,161.594,161.578,161.587
1782160200000,161.59,161.594,161.589,161.593
1782160260000,161.593,161.596,161.592,161.596
1782160320000,161.596,161.604,161.596,161.603
1782160380000,161.604,161.604,161.594,161.594
1782160440000,161.594,161.597,161.589,161.595
1782160500000,161.595,161.599,161.593,161.599
1782160560000,161.598,161.598,161.595,161.596
1782160620000,161.596,161.596,161.593,161.595
1782160680000,161.597,161.598,161.595,161.596
1782160740000,161.596,161.596,161.595,161.596
1782160800000,161.597,161.597,161.594,161.595
1782160860000,161.594,161.597,161.594,161.596
1782160920000,161.596,161.596,161.592,161.596
1782160980000,161.596,161.597,161.591,161.594
1782161040000,161.593,161.594,161.591,161.593
1782161100000,161.597,161.602,161.596,161.598
1782161160000,161.599,161.603,161.597,161.603
1782161220000,161.603,161.61,161.602,161.608
1782161280000,161.609,161.612,161.601,161.602
1782161340000,161.601,161.607,161.601,161.604
1782161400000,161.602,161.602,161.582,161.585
1782161460000,161.589,161.593,161.588,161.589
1782161520000,161.591,161.599,161.585,161.598
1782161580000,161.598,161.598,161.598,161.598
1782161640000,161.606,161.609,161.605,161.608
1782161700000,161.605,161.607,161.604,161.607
1782161760000,161.609,161.61,161.609,161.609
1782161820000,161.609,161.612,161.609,161.609
1782161880000,161.607,161.608,161.602,161.604
1782161940000,161.603,161.604,161.538,161.538
1782162000000,161.534,161.534,161.478,161.485
1782162060000,161.485,161.485,161.485,161.485
1782162120000,161.497,161.497,161.497,161.497
1782162180000,161.496,161.512,161.496,161.512
1782162240000,161.517,161.517,161.517,161.517
1782162300000,161.514,161.529,161.514,161.529
1782162360000,161.529,161.529,161.525,161.525
1782162420000,161.526,161.526,161.524,161.524
1782162480000,161.524,161.524,161.524,161.524
1782162540000,161.521,161.521,161.521,161.521
1782162600000,161.521,161.521,161.52,161.52
1782162660000,161.52,161.52,161.517,161.517
1782162720000,161.517,161.517,161.514,161.514
1782162780000,161.514,161.517,161.514,161.514
1782162840000,161.514,161.514,161.514,161.514
1782162900000,161.513,161.514,161.513,161.514
1782162960000,161.513,161.528,161.513,161.528
1782163020000,161.528,161.528,161.527,161.528
1782163080000,161.527,161.527,161.527,161.527
1782163140000,161.515,161.515,161.515,161.515
1782163200000,161.515,161.515,161.515,161.515
1782163260000,161.516,161.523,161.514,161.516
1782163320000,161.516,161.516,161.513,161.513
1782163380000,161.518,161.518,161.515,161.515
1782163440000,161.523,161.523,161.514,161.514
1782163500000,161.515,161.524,161.515,161.516
1782163560000,161.522,161.523,161.514,161.514
1782163620000,161.517,161.524,161.514,161.515
1782163680000,161.515,161.523,161.515,161.515
1782163740000,161.523,161.523,161.515,161.522
1782163800000,161.516,161.52,161.514,161.518
1782163860000,161.517,161.519,161.515,161.515
1782163920000,161.514,161.521,161.514,161.517
1782163980000,161.524,161.524,161.513,161.517
1782164040000,161.519,161.522,161.514,161.515
1782164100000,161.521,161.521,161.514,161.517
1782164160000,161.521,161.527,161.519,161.523
1782164220000,161.525,161.525,161.52,161.52
1782164280000,161.518,161.522,161.518,161.52
1782164340000,161.519,161.519,161.514,161.515
1782164400000,161.515,161.516,161.515,161.516
1782164460000,161.516,161.521,161.516,161.516
1782164520000,161.518,161.518,161.517,161.517
1782164580000,161.518,161.518,161.516,161.517
1782164640000,161.517,161.518,161.516,161.517
1782164700000,161.519,161.528,161.516,161.528
1782164760000,161.528,161.53,161.526,161.526
1782164820000,161.527,161.527,161.516,161.521
1782164880000,161.522,161.522,161.517,161.517
1782164940000,161.518,161.518,161.516,161.516
1782165000000,161.528,161.531,161.522,161.526
1782165060000,161.528,161.532,161.527,161.527
1782165120000,161.526,161.526,161.526,161.526
1782165180000,161.529,161.531,161.526,161.531
1782165240000,161.526,161.534,161.525,161.527
1782165300000,161.529,161.53,161.528,161.53
1782165360000,161.53,161.53,161.53,161.53
1782165420000,161.536,161.537,161.53,161.531
1782165480000,161.519,161.519,161.519,161.519
1782165540000,161.519,161.519,161.519,161.519
1782165600000,161.521,161.544,161.52,161.543
1782165660000,161.543,161.556,161.543,161.553
1782165720000,161.554,161.556,161.554,161.555
1782165780000,161.555,161.558,161.552,161.557
1782165840000,161.557,161.56,161.557,161.56
1782165900000,161.557,161.572,161.556,161.571
1782165960000,161.572,161.595,161.572,161.594
1782166020000,161.594,161.6,161.594,161.599
1782166080000,161.599,161.605,161.599,161.604
1782166140000,161.605,161.606,161.595,161.601
1782166200000,161.6,161.605,161.594,161.599
1782166260000,161.6,161.602,161.599,161.599
1782166320000,161.6,161.6,161.595,161.599
1782166380000,161.596,161.599,161.596,161.599
1782166440000,161.6,161.603,161.592,161.598
1782166500000,161.597,161.604,161.597,161.601
1782166560000,161.601,161.606,161.599,161.603
1782166620000,161.604,161.608,161.603,161.607
1782166680000,161.61,161.617,161.603,161.606
1782166740000,161.608,161.616,161.608,161.613
1782166800000,161.613,161.621,161.61,161.621
1782166860000,161.622,161.629,161.621,161.623
1782166920000,161.623,161.636,161.604,161.61
1782166980000,161.61,161.625,161.61,161.625
1782167040000,161.624,161.626,161.621,161.626
1782167100000,161.625,161.625,161.623,161.625
1782167160000,161.624,161.626,161.623,161.624
1782167220000,161.624,161.626,161.623,161.623
1782167280000,161.624,161.624,161.607,161.608
1782167340000,161.608,161.61,161.603,161.608
1782167400000,161.608,161.608,161.604,161.604
1782167460000,161.606,161.609,161.604,161.609
1782167520000,161.607,161.607,161.603,161.605
1782167580000,161.606,161.608,161.603,161.607
1782167640000,161.607,161.608,161.605,161.608
1782167700000,161.608,161.608,161.608,161.608
1782167760000,161.608,161.611,161.598,161.599
1782167820000,161.596,161.602,161.593,161.598
1782167880000,161.597,161.597,161.594,161.594
1782167940000,161.595,161.598,161.594,161.596
1782168000000,161.596,161.599,161.596,161.599
1782168060000,161.597,161.599,161.597,161.599
1782168120000,161.598,161.598,161.595,161.596
1782168180000,161.597,161.597,161.594,161.594
1782168240000,161.594,161.594,161.593,161.593
1782168300000,161.595,161.595,161.595,161.595
1782168360000,161.594,161.594,161.582,161.583
1782168420000,161.583,161.583,161.582,161.582
1782168480000,161.58,161.58,161.554,161.555
1782168540000,161.555,161.557,161.539,161.541
1782168600000,161.541,161.553,161.541,161.552
1782168660000,161.554,161.557,161.554,161.554
1782168720000,161.556,161.569,161.556,161.569
1782168780000,161.569,161.575,161.569,161.575
1782168840000,161.575,161.598,161.575,161.595
1782168900000,161.595,161.599,161.594,161.596
1782168960000,161.595,161.598,161.58,161.584
1782169020000,161.583,161.583,161.575,161.582
1782169080000,161.584,161.584,161.579,161.579
1782169140000,161.577,161.579,161.577,161.577
1782169200000,161.578,161.578,161.555,161.555
1782169260000,161.555,161.556,161.554,161.555
1782169320000,161.556,161.558,161.554,161.554
1782169380000,161.558,161.571,161.558,161.569
1782169440000,161.568,161.569,161.566,161.569
1782169500000,161.565,161.565,161.563,161.563
1782169560000,161.562,161.573,161.562,161.57
1782169620000,161.571,161.58,161.571,161.578
1782169680000,161.577,161.578,161.574,161.575
1782169740000,161.577,161.577,161.567,161.57
1782169800000,161.569,161.569,161.567,161.568
1782169860000,161.568,161.568,161.567,161.568
1782169920000,161.567,161.567,161.566,161.566
1782169980000,161.569,161.57,161.566,161.566
1782170040000,161.567,161.573,161.567,161.57
1782170100000,161.569,161.57,161.567,161.567
1782170160000,161.565,161.566,161.564,161.566
1782170220000,161.567,161.568,161.566,161.566
1782170280000,161.563,161.567,161.555,161.567
1782170340000,161.566,161.569,161.566,161.567
1782170400000,161.569,161.569,161.565,161.565
1782170460000,161.567,161.567,161.567,161.567
1782170520000,161.567,161.57,161.567,161.569
1782170580000,161.572,161.585,161.572,161.582
1782170640000,161.585,161.585,161.582,161.582
1782170700000,161.584,161.584,161.565,161.565
1782170760000,161.565,161.572,161.565,161.566
1782170820000,161.563,161.569,161.556,161.562
1782170880000,161.564,161.567,161.564,161.566
1782170940000,161.57,161.575,161.57,161.573
1782171000000,161.576,161.577,161.564,161.567
1782171060000,161.567,161.567,161.565,161.565
1782171120000,161.562,161.567,161.562,161.564
1782171180000,161.566,161.567,161.565,161.565
1782171240000,161.564,161.564,161.563,161.563
1782171300000,161.567,161.567,161.554,161.554
1782171360000,161.554,161.555,161.554,161.555
1782171420000,161.556,161.568,161.556,161.567
1782171480000,161.567,161.567,161.567,161.567
1782171540000,161.565,161.574,161.565,161.574
1782171600000,161.573,161.574,161.572,161.574
1782171660000,161.572,161.572,161.572,161.572
1782171720000,161.572,161.572,161.572,161.572
1782171780000,161.572,161.573,161.571,161.573
1782171840000,161.573,161.581,161.571,161.578
1782171900000,161.575,161.578,161.57,161.573
1782171960000,161.573,161.573,161.559,161.559
1782172020000,161.564,161.565,161.557,161.559
1782172080000,161.557,161.56,161.555,161.559
1782172140000,161.558,161.558,161.553,161.556
1782172200000,161.559,161.564,161.558,161.559
1782172260000,161.558,161.559,161.556,161.556
1782172320000,161.554,161.556,161.554,161.556
1782172380000,161.555,161.558,161.555,161.557
1782172440000,161.558,161.572,161.557,161.572
1782172500000,161.567,161.569,161.559,161.567
1782172560000,161.568,161.584,161.568,161.584
1782172620000,161.586,161.586,161.58,161.582
1782172680000,161.581,161.581,161.572,161.578
1782172740000,161.58,161.584,161.572,161.576
1782345600000,161.767,161.777,161.733,161.734
1782345660000,161.733,161.748,161.729,161.748
1782345720000,161.747,161.751,161.738,161.751
1782345780000,161.755,161.755,161.741,161.747
1782345840000,161.748,161.754,161.741,161.743
1782345900000,161.742,161.75,161.742,161.75
1782345960000,161.75,161.75,161.744,161.746
1782346020000,161.744,161.749,161.732,161.736
1782346080000,161.733,161.733,161.728,161.733
1782346140000,161.733,161.744,161.732,161.742
1782346200000,161.744,161.746,161.742,161.742
1782346260000,161.745,161.759,161.742,161.758
1782346320000,161.759,161.759,161.745,161.756
1782346380000,161.759,161.769,161.757,161.768
1782346440000,161.769,161.769,161.759,161.765
1782346500000,161.767,161.775,161.764,161.772
1782346560000,161.773,161.774,161.765,161.773
1782346620000,161.774,161.779,161.765,161.768
1782346680000,161.77,161.773,161.765,161.766
1782346740000,161.769,161.769,161.744,161.744
1782346800000,161.744,161.755,161.743,161.749
1782346860000,161.751,161.754,161.749,161.753
1782346920000,161.753,161.754,161.752,161.752
1782346980000,161.753,161.753,161.732,161.734
1782347040000,161.732,161.735,161.73,161.734
1782347100000,161.739,161.743,161.738,161.74
1782347160000,161.739,161.742,161.737,161.742
1782347220000,161.741,161.751,161.741,161.751
1782347280000,161.751,161.751,161.74,161.74
1782347340000,161.74,161.744,161.739,161.743
1782347400000,161.743,161.744,161.733,161.733
1782347460000,161.733,161.742,161.732,161.742
1782347520000,161.742,161.746,161.742,161.745
1782347580000,161.744,161.748,161.743,161.747
1782347640000,161.747,161.747,161.747,161.747
1782347700000,161.747,161.747,161.742,161.744
1782347760000,161.744,161.748,161.744,161.746
1782347820000,161.745,161.745,161.74,161.741
1782347880000,161.742,161.749,161.741,161.748
1782347940000,161.747,161.749,161.746,161.748
1782348000000,161.746,161.747,161.741,161.742
1782348060000,161.744,161.744,161.74,161.741
1782348120000,161.74,161.74,161.728,161.738
1782348180000,161.739,161.74,161.731,161.731
1782348240000,161.732,161.733,161.73,161.732
1782348300000,161.732,161.733,161.729,161.729
1782348360000,161.728,161.728,161.72,161.721
1782348420000,161.721,161.721,161.707,161.707
1782348480000,161.707,161.71,161.701,161.71
1782348540000,161.711,161.724,161.711,161.722
1782348600000,161.724,161.733,161.719,161.721
1782348660000,161.721,161.722,161.701,161.711
1782348720000,161.711,161.719,161.705,161.707
1782348780000,161.708,161.714,161.703,161.708
1782348840000,161.709,161.742,161.697,161.741
1782348900000,161.738,161.749,161.731,161.738
1782348960000,161.736,161.741,161.73,161.738
1782349020000,161.735,161.74,161.734,161.735
1782349080000,161.733,161.735,161.73,161.734
1782349140000,161.732,161.734,161.709,161.713
1782349200000,161.712,161.742,161.708,161.731
1782349260000,161.729,161.734,161.718,161.719
1782349320000,161.719,161.724,161.714,161.719
1782349380000,161.719,161.722,161.717,161.721
1782349440000,161.72,161.733,161.719,161.728
1782349500000,161.728,161.738,161.725,161.728
1782349560000,161.728,161.73,161.722,161.726
1782349620000,161.725,161.727,161.72,161.72
1782349680000,161.719,161.72,161.714,161.716
1782349740000,161.716,161.716,161.709,161.712
1782349800000,161.711,161.72,161.711,161.719
1782349860000,161.719,161.719,161.714,161.719
1782349920000,161.719,161.721,161.716,161.716
1782349980000,161.716,161.716,161.706,161.706
1782350040000,161.706,161.708,161.702,161.706
1782350100000,161.705,161.713,161.705,161.709
1782350160000,161.708,161.715,161.707,161.708
1782350220000,161.708,161.714,161.705,161.706
1782350280000,161.708,161.714,161.706,161.708
1782350340000,161.71,161.711,161.67,161.673
1782350400000,161.674,161.679,161.664,161.664
1782350460000,161.664,161.679,161.66,161.669
1782350520000,161.668,161.668,161.627,161.636
1782350580000,161.635,161.64,161.571,161.574
1782350640000,161.574,161.615,161.555,161.615
1782350700000,161.614,161.642,161.613,161.642
1782350760000,161.641,161.641,161.621,161.637
1782350820000,161.637,161.656,161.628,161.655
1782350880000,161.654,161.669,161.651,161.652
1782350940000,161.651,161.668,161.651,161.666
1782351000000,161.665,161.665,161.64,161.654
1782351060000,161.653,161.653,161.638,161.64
1782351120000,161.64,161.669,161.64,161.664
1782351180000,161.665,161.682,161.663,161.682
1782351240000,161.681,161.681,161.67,161.671
1782351300000,161.673,161.681,161.664,161.68
1782351360000,161.68,161.683,161.676,161.681
1782351420000,161.68,161.682,161.675,161.682
1782351480000,161.679,161.681,161.676,161.68
1782351540000,161.677,161.679,161.67,161.679
1782351600000,161.679,161.686,161.676,161.682
1782351660000,161.685,161.686,161.679,161.679
1782351720000,161.681,161.681,161.67,161.67
1782351780000,161.67,161.674,161.666,161.667
1782351840000,161.668,161.68,161.668,161.674
1782351900000,161.676,161.691,161.676,161.69
1782351960000,161.689,161.697,161.688,161.695
1782352020000,161.695,161.704,161.691,161.699
1782352080000,161.697,161.706,161.696,161.704
1782352140000,161.705,161.72,161.701,161.72
1782352200000,161.718,161.72,161.714,161.718
1782352260000,161.719,161.721,161.709,161.713
1782352320000,161.714,161.715,161.71,161.715
1782352380000,161.714,161.735,161.711,161.729
1782352440000,161.731,161.738,161.725,161.727
1782352500000,161.727,161.735,161.727,161.727
1782352560000,161.728,161.732,161.726,161.727
1782352620000,161.726,161.73,161.721,161.73
1782352680000,161.729,161.73,161.726,161.729
1782352740000,161.728,161.728,161.71,161.712
1782352800000,161.713,161.727,161.71,161.727
1782352860000,161.727,161.727,161.722,161.724
1782352920000,161.723,161.726,161.722,161.726
1782352980000,161.725,161.727,161.713,161.714
1782353040000,161.715,161.716,161.711,161.716
1782353100000,161.716,161.724,161.712,161.713
1782353160000,161.713,161.714,161.702,161.706
1782353220000,161.706,161.712,161.704,161.711
1782353280000,161.709,161.717,161.709,161.715
1782353340000,161.713,161.713,161.697,161.697
1782353400000,161.698,161.702,161.698,161.699
1782353460000,161.697,161.701,161.69,161.701
1782353520000,161.699,161.7,161.672,161.674
1782353580000,161.673,161.685,161.672,161.681
1782353640000,161.68,161.68,161.674,161.677
1782353700000,161.675,161.68,161.675,161.678
1782353760000,161.677,161.678,161.673,161.675
1782353820000,161.676,161.678,161.674,161.676
1782353880000,161.675,161.675,161.672,161.672
1782353940000,161.671,161.675,161.671,161.675
1782354000000,161.674,161.674,161.661,161.667
1782354060000,161.667,161.668,161.664,161.666
1782354120000,161.666,161.675,161.661,161.675
1782354180000,161.676,161.677,161.675,161.677
1782354240000,161.677,161.678,161.673,161.673
1782354300000,161.674,161.678,161.669,161.677
1782354360000,161.677,161.677,161.672,161.673
1782354420000,161.673,161.677,161.673,161.675
1782354480000,161.674,161.676,161.67,161.671
1782354540000,161.67,161.679,161.664,161.676
1782354600000,161.677,161.686,161.677,161.681
1782354660000,161.68,161.686,161.68,161.686
1782354720000,161.687,161.694,161.687,161.694
1782354780000,161.694,161.697,161.689,161.689
1782354840000,161.69,161.697,161.687,161.692
1782354900000,161.692,161.692,161.687,161.688
1782354960000,161.687,161.689,161.687,161.687
1782355020000,161.689,161.689,161.684,161.686
1782355080000,161.687,161.687,161.685,161.686
1782355140000,161.69,161.69,161.685,161.686
1782355200000,161.691,161.696,161.691,161.694
1782355260000,161.697,161.698,161.692,161.698
1782355320000,161.7,161.702,161.699,161.699
1782355380000,161.698,161.707,161.698,161.7
1782355440000,161.701,161.701,161.696,161.698
1782355500000,161.699,161.699,161.698,161.699
1782355560000,161.7,161.701,161.698,161.7
1782355620000,161.699,161.702,161.698,161.699
1782355680000,161.701,161.705,161.7,161.702
1782355740000,161.705,161.711,161.705,161.711
1782355800000,161.712,161.715,161.709,161.715
1782355860000,161.714,161.719,161.714,161.717
1782355920000,161.718,161.719,161.714,161.714
1782355980000,161.714,161.714,161.71,161.71
1782356040000,161.712,161.716,161.711,161.714
1782356100000,161.715,161.715,161.71,161.715
1782356160000,161.714,161.715,161.705,161.706
1782356220000,161.709,161.714,161.709,161.714
1782356280000,161.714,161.714,161.705,161.706
1782356340000,161.707,161.712,161.707,161.711
1782356400000,161.712,161.719,161.711,161.711
1782356460000,161.709,161.711,161.708,161.709
1782356520000,161.708,161.711,161.705,161.709
1782356580000,161.708,161.709,161.708,161.709
1782356640000,161.707,161.71,161.705,161.706
1782356700000,161.709,161.709,161.705,161.705
1782356760000,161.706,161.711,161.704,161.709
1782356820000,161.707,161.707,161.698,161.698
1782356880000,161.698,161.705,161.697,161.705
1782356940000,161.702,161.706,161.696,161.699
1782357000000,161.698,161.701,161.697,161.697
1782357060000,161.697,161.703,161.697,161.7
1782357120000,161.701,161.702,161.701,161.702
1782357180000,161.703,161.709,161.698,161.702
1782357240000,161.708,161.713,161.706,161.708
1782357300000,161.707,161.723,161.707,161.713
1782357360000,161.713,161.714,161.712,161.712
1782357420000,161.713,161.714,161.711,161.712
1782357480000,161.712,161.713,161.712,161.713
1782357540000,161.714,161.714,161.71,161.71
1782357600000,161.709,161.717,161.709,161.715
1782357660000,161.715,161.715,161.713,161.714
1782357720000,161.715,161.717,161.711,161.711
1782357780000,161.712,161.714,161.712,161.714
1782357840000,161.713,161.713,161.711,161.712
1782357900000,161.713,161.713,161.711,161.711
1782357960000,161.712,161.713,161.711,161.711
1782358020000,161.71,161.712,161.708,161.711
1782358080000,161.713,161.715,161.696,161.715
1782358140000,161.717,161.719,161.714,161.715
1782358200000,161.714,161.716,161.71,161.716
1782358260000,161.714,161.718,161.713,161.713
1782358320000,161.713,161.716,161.71,161.712
1782358380000,161.71,161.712,161.71,161.712
1782358440000,161.711,161.711,161.71,161.711
1782358500000,161.709,161.712,161.709,161.711
1782358560000,161.71,161.711,161.71,161.71
1782358620000,161.712,161.713,161.712,161.712
1782358680000,161.715,161.715,161.713,161.713
1782358740000,161.712,161.714,161.712,161.714
1782358800000,161.714,161.714,161.708,161.712
1782358860000,161.71,161.711,161.71,161.711
1782358920000,161.712,161.715,161.712,161.713
1782358980000,161.714,161.714,161.713,161.714
1782359040000,161.713,161.731,161.713,161.731
1782359100000,161.731,161.739,161.73,161.738
1782359160000,161.739,161.74,161.732,161.735
1782359220000,161.735,161.741,161.733,161.738
1782359280000,161.738,161.749,161.738,161.746
1782359340000,161.745,161.745,161.726,161.731
1782359400000,161.731,161.731,161.728,161.729
1782359460000,161.729,161.729,161.718,161.721
1782359520000,161.721,161.726,161.72,161.724
1782359580000,161.726,161.739,161.724,161.737
1782359640000,161.739,161.741,161.737,161.741
1782359700000,161.742,161.744,161.738,161.742
1782359760000,161.743,161.745,161.738,161.74
1782359820000,161.74,161.741,161.737,161.738
1782359880000,161.739,161.74,161.734,161.736
1782359940000,161.736,161.739,161.721,161.721
1782360000000,161.722,161.725,161.721,161.722
1782360060000,161.723,161.731,161.722,161.73
1782360120000,161.731,161.737,161.726,161.737
1782360180000,161.736,161.738,161.734,161.735
1782360240000,161.735,161.736,161.724,161.725
1782360300000,161.727,161.727,161.712,161.719
1782360360000,161.721,161.724,161.714,161.724
1782360420000,161.722,161.722,161.717,161.72
1782360480000,161.72,161.725,161.717,161.725
1782360540000,161.724,161.724,161.719,161.72
1782360600000,161.72,161.73,161.72,161.729
1782360660000,161.729,161.73,161.72,161.72
1782360720000,161.719,161.724,161.718,161.724
1782360780000,161.725,161.725,161.724,161.724
1782360840000,161.726,161.726,161.724,161.726
1782360900000,161.727,161.729,161.722,161.729
1782360960000,161.73,161.732,161.73,161.732
1782361020000,161.731,161.732,161.73,161.732
1782361080000,161.737,161.738,161.73,161.73
1782361140000,161.73,161.731,161.727,161.728
1782361200000,161.725,161.729,161.725,161.727
1782361260000,161.727,161.728,161.726,161.728
1782361320000,161.724,161.727,161.721,161.725
1782361380000,161.725,161.731,161.725,161.731
1782361440000,161.729,161.73,161.726,161.726
1782361500000,161.725,161.726,161.724,161.725
1782361560000,161.723,161.726,161.716,161.726
1782361620000,161.728,161.728,161.709,161.715
1782361680000,161.713,161.714,161.708,161.712
1782361740000,161.712,161.723,161.712,161.723
1782361800000,161.721,161.721,161.709,161.714
1782361860000,161.714,161.73,161.713,161.726
1782361920000,161.726,161.726,161.724,161.725
1782361980000,161.724,161.726,161.724,161.726
1782362040000,161.726,161.726,161.725,161.725
1782362100000,161.725,161.725,161.716,161.718
1782362160000,161.717,161.717,161.717,161.717
1782362220000,161.717,161.717,161.715,161.716
1782362280000,161.716,161.726,161.716,161.726
1782362340000,161.727,161.73,161.727,161.729
1782362400000,161.729,161.742,161.728,161.742
1782362460000,161.743,161.744,161.743,161.743
1782362520000,161.741,161.742,161.74,161.74
1782362580000,161.738,161.74,161.736,161.74
1782362640000,161.739,161.747,161.739,161.742
1782362700000,161.741,161.743,161.741,161.743
1782362760000,161.742,161.744,161.741,161.743
1782362820000,161.741,161.752,161.741,161.748
1782362880000,161.746,161.75,161.745,161.746
1782362940000,161.746,161.749,161.746,161.747
1782363000000,161.746,161.748,161.745,161.746
1782363060000,161.746,161.746,161.746,161.746
1782363120000,161.745,161.746,161.744,161.746
1782363180000,161.747,161.748,161.746,161.746
1782363240000,161.746,161.746,161.746,161.746
1782363300000,161.747,161.773,161.747,161.768
1782363360000,161.768,161.772,161.765,161.765
1782363420000,161.765,161.768,161.765,161.766
1782363480000,161.765,161.765,161.759,161.76
1782363540000,161.762,161.765,161.761,161.763
1782363600000,161.763,161.765,161.763,161.765
1782363660000,161.766,161.766,161.764,161.764
1782363720000,161.765,161.765,161.758,161.765
1782363780000,161.765,161.765,161.762,161.763
1782363840000,161.763,161.763,161.757,161.757
1782363900000,161.756,161.757,161.755,161.757
1782363960000,161.756,161.758,161.755,161.757
1782364020000,161.758,161.763,161.755,161.755
1782364080000,161.758,161.758,161.752,161.753
1782364140000,161.754,161.755,161.745,161.745
1782364200000,161.745,161.753,161.745,161.747
1782364260000,161.747,161.747,161.744,161.744
1782364320000,161.744,161.745,161.743,161.743
1782364380000,161.743,161.753,161.743,161.752
1782364440000,161.752,161.756,161.752,161.756
1782364500000,161.756,161.756,161.753,161.754
1782364560000,161.755,161.755,161.75,161.752
1782364620000,161.751,161.751,161.747,161.75
1782364680000,161.75,161.752,161.75,161.751
1782364740000,161.752,161.755,161.752,161.754
1782364800000,161.754,161.756,161.751,161.751
1782364860000,161.752,161.754,161.752,161.754
1782364920000,161.753,161.755,161.752,161.752
1782364980000,161.752,161.752,161.741,161.751
1782365040000,161.753,161.753,161.753,161.753
1782365100000,161.752,161.752,161.748,161.749
1782365160000,161.749,161.751,161.737,161.751
1782365220000,161.75,161.751,161.739,161.739
1782365280000,161.741,161.741,161.737,161.738
1782365340000,161.737,161.74,161.726,161.732
1782365400000,161.734,161.742,161.733,161.741
1782365460000,161.743,161.75,161.742,161.748
1782365520000,161.747,161.747,161.741,161.746
1782365580000,161.745,161.753,161.744,161.744
1782365640000,161.744,161.749,161.744,161.749
1782365700000,161.749,161.754,161.749,161.753
1782365760000,161.753,161.755,161.752,161.754
1782365820000,161.754,161.754,161.751,161.752
1782365880000,161.753,161.76,161.752,161.759
1782365940000,161.757,161.767,161.757,161.764
1782366000000,161.764,161.769,161.764,161.769
1782366060000,161.769,161.77,161.761,161.764
1782366120000,161.764,161.767,161.763,161.767
1782366180000,161.765,161.766,161.763,161.763
1782366240000,161.762,161.762,161.76,161.761
1782366300000,161.758,161.762,161.758,161.762
1782366360000,161.762,161.767,161.76,161.765
1782366420000,161.765,161.766,161.764,161.764
1782366480000,161.764,161.764,161.761,161.763
1782366540000,161.764,161.769,161.764,161.768
1782366600000,161.767,161.771,161.766,161.768
1782366660000,161.768,161.779,161.768,161.778
1782366720000,161.777,161.781,161.775,161.779
1782366780000,161.78,161.792,161.779,161.789
1782366840000,161.789,161.791,161.784,161.789
1782366900000,161.79,161.805,161.79,161.795
1782366960000,161.796,161.797,161.793,161.796
1782367020000,161.796,161.8,161.793,161.8
1782367080000,161.806,161.812,161.803,161.809
1782367140000,161.809,161.83,161.807,161.824
1782367200000,161.819,161.82,161.792,161.809
1782367260000,161.811,161.818,161.793,161.795
1782367320000,161.795,161.798,161.784,161.795
1782367380000,161.797,161.811,161.795,161.802
1782367440000,161.805,161.815,161.804,161.812
1782367500000,161.811,161.823,161.811,161.816
1782367560000,161.818,161.838,161.818,161.828
1782367620000,161.827,161.827,161.824,161.824
1782367680000,161.827,161.827,161.816,161.822
1782367740000,161.821,161.824,161.82,161.823
1782367800000,161.822,161.822,161.808,161.808
1782367860000,161.808,161.813,161.807,161.812
1782367920000,161.814,161.819,161.811,161.811
1782367980000,161.811,161.811,161.799,161.8
1782368040000,161.801,161.807,161.796,161.807
1782368100000,161.808,161.812,161.807,161.812
1782368160000,161.81,161.822,161.809,161.822
1782368220000,161.821,161.821,161.814,161.818
1782368280000,161.818,161.824,161.815,161.815
1782368340000,161.816,161.827,161.816,161.824
1782368400000,161.827,161.827,161.82,161.822
1782368460000,161.823,161.832,161.822,161.829
1782368520000,161.831,161.833,161.821,161.821
1782368580000,161.818,161.818,161.809,161.814
1782368640000,161.813,161.823,161.811,161.821
1782368700000,161.822,161.827,161.822,161.827
1782368760000,161.825,161.831,161.825,161.827
1782368820000,161.826,161.833,161.824,161.824
1782368880000,161.817,161.828,161.81,161.828
1782368940000,161.829,161.833,161.826,161.833
1782369000000,161.833,161.839,161.825,161.836
1782369060000,161.837,161.838,161.824,161.832
1782369120000,161.833,161.836,161.829,161.836
1782369180000,161.835,161.835,161.826,161.83
1782369240000,161.828,161.841,161.826,161.84
1782369300000,161.84,161.84,161.831,161.836
1782369360000,161.834,161.835,161.831,161.834
1782369420000,161.834,161.844,161.833,161.84
1782369480000,161.838,161.85,161.834,161.842
1782369540000,161.842,161.842,161.836,161.838
1782369600000,161.838,161.838,161.836,161.836
1782369660000,161.837,161.842,161.831,161.831
1782369720000,161.831,161.832,161.818,161.826
1782369780000,161.828,161.838,161.827,161.836
1782369840000,161.836,161.838,161.831,161.836
1782369900000,161.837,161.839,161.836,161.839
1782369960000,161.841,161.849,161.841,161.849
1782370020000,161.846,161.846,161.84,161.842
1782370080000,161.841,161.849,161.841,161.848
1782370140000,161.847,161.847,161.84,161.84
1782370200000,161.842,161.851,161.842,161.851
1782370260000,161.851,161.865,161.851,161.865
1782370320000,161.865,161.883,161.862,161.879
1782370380000,161.878,161.882,161.877,161.878
1782370440000,161.878,161.881,161.868,161.88
1782370500000,161.879,161.886,161.879,161.88
1782370560000,161.881,161.886,161.879,161.884
1782370620000,161.885,161.887,161.884,161.884
1782370680000,161.883,161.884,161.872,161.873
1782370740000,161.872,161.882,161.866,161.881
1782370800000,161.882,161.883,161.869,161.875
1782370860000,161.874,161.876,161.866,161.872
1782370920000,161.872,161.872,161.859,161.867
1782370980000,161.865,161.869,161.858,161.859
1782371040000,161.861,161.869,161.857,161.863
1782371100000,161.859,161.859,161.851,161.855
1782371160000,161.855,161.855,161.754,161.817
1782371220000,161.816,161.835,161.81,161.83
1782371280000,161.829,161.835,161.825,161.826
1782371340000,161.827,161.85,161.826,161.847
1782371400000,161.847,161.847,161.829,161.83
1782371460000,161.831,161.844,161.831,161.842
1782371520000,161.842,161.849,161.842,161.843
1782371580000,161.842,161.857,161.842,161.856
1782371640000,161.855,161.863,161.855,161.863
1782371700000,161.862,161.871,161.858,161.87
1782371760000,161.871,161.882,161.871,161.879
1782371820000,161.879,161.897,161.871,161.895
1782371880000,161.893,161.895,161.871,161.872
1782371940000,161.872,161.885,161.865,161.865
1782372000000,161.864,161.865,161.814,161.834
1782372060000,161.833,161.852,161.806,161.842
1782372120000,161.845,161.855,161.843,161.845
1782372180000,161.846,161.856,161.839,161.85
1782372240000,161.85,161.851,161.839,161.839
1782372300000,161.841,161.845,161.837,161.845
1782372360000,161.845,161.847,161.842,161.844
1782372420000,161.845,161.845,161.825,161.827
1782372480000,161.827,161.828,161.814,161.818
1782372540000,161.82,161.821,161.81,161.82
1782372600000,161.82,161.82,161.807,161.814
1782372660000,161.814,161.821,161.813,161.82
1782372720000,161.821,161.823,161.811,161.82
1782372780000,161.82,161.824,161.815,161.816
1782372840000,161.815,161.833,161.814,161.826
1782372900000,161.825,161.831,161.823,161.826
1782372960000,161.826,161.832,161.826,161.826
1782373020000,161.825,161.833,161.801,161.801
1782373080000,161.802,161.809,161.802,161.805
1782373140000,161.804,161.807,161.8,161.807
1782373200000,161.808,161.809,161.806,161.809
1782373260000,161.81,161.825,161.809,161.825
1782373320000,161.824,161.838,161.824,161.836
1782373380000,161.835,161.845,161.834,161.845
1782373440000,161.844,161.849,161.837,161.842
1782373500000,161.841,161.847,161.841,161.843
1782373560000,161.845,161.85,161.84,161.85
1782373620000,161.849,161.855,161.849,161.853
1782373680000,161.854,161.856,161.85,161.856
1782373740000,161.856,161.856,161.851,161.853
1782373800000,161.851,161.852,161.843,161.844
1782373860000,161.843,161.853,161.841,161.846
1782373920000,161.846,161.846,161.837,161.837
1782373980000,161.836,161.842,161.835,161.841
1782374040000,161.84,161.841,161.832,161.837
1782374100000,161.836,161.836,161.815,161.818
1782374160000,161.819,161.83,161.816,161.822
1782374220000,161.822,161.827,161.817,161.818
1782374280000,161.819,161.82,161.804,161.809
1782374340000,161.81,161.817,161.805,161.812
1782374400000,161.811,161.82,161.806,161.812
1782374460000,161.81,161.814,161.805,161.808
1782374520000,161.808,161.811,161.801,161.803
1782374580000,161.804,161.814,161.793,161.795
1782374640000,161.795,161.81,161.795,161.81
1782374700000,161.809,161.819,161.808,161.819
1782374760000,161.819,161.82,161.801,161.808
1782374820000,161.808,161.822,161.805,161.822
1782374880000,161.822,161.832,161.82,161.831
1782374940000,161.832,161.833,161.817,161.818
1782375000000,161.82,161.822,161.817,161.818
1782375060000,161.817,161.832,161.816,161.829
1782375120000,161.829,161.829,161.816,161.82
1782375180000,161.82,161.822,161.817,161.822
1782375240000,161.822,161.822,161.814,161.815
1782375300000,161.816,161.816,161.81,161.81
1782375360000,161.81,161.814,161.79,161.791
1782375420000,161.792,161.803,161.788,161.802
1782375480000,161.801,161.815,161.801,161.806
1782375540000,161.807,161.807,161.793,161.794
1782375600000,161.793,161.797,161.788,161.793
1782375660000,161.795,161.795,161.784,161.787
1782375720000,161.788,161.788,161.775,161.776
1782375780000,161.774,161.783,161.772,161.783
1782375840000,161.782,161.782,161.777,161.777
1782375900000,161.779,161.794,161.779,161.792
1782375960000,161.793,161.796,161.79,161.795
1782376020000,161.794,161.801,161.794,161.8
1782376080000,161.8,161.808,161.8,161.806
1782376140000,161.807,161.807,161.795,161.797
1782376200000,161.797,161.799,161.777,161.778
1782376260000,161.777,161.787,161.776,161.781
1782376320000,161.781,161.793,161.78,161.792
1782376380000,161.79,161.798,161.784,161.784
1782376440000,161.788,161.789,161.777,161.779
1782376500000,161.778,161.787,161.775,161.786
1782376560000,161.788,161.791,161.782,161.783
1782376620000,161.783,161.794,161.783,161.793
1782376680000,161.795,161.798,161.792,161.796
1782376740000,161.794,161.794,161.783,161.784
1782376800000,161.785,161.791,161.785,161.788
1782376860000,161.789,161.792,161.783,161.787
1782376920000,161.787,161.802,161.787,161.802
1782376980000,161.803,161.803,161.793,161.794
1782377040000,161.793,161.798,161.792,161.794
1782377100000,161.794,161.801,161.794,161.795
1782377160000,161.797,161.797,161.781,161.786
1782377220000,161.784,161.791,161.782,161.79
1782377280000,161.79,161.797,161.789,161.792
1782377340000,161.793,161.799,161.793,161.797
1782377400000,161.799,161.8,161.798,161.799
1782377460000,161.799,161.799,161.795,161.798
1782377520000,161.798,161.807,161.797,161.807
1782377580000,161.807,161.81,161.806,161.81
1782377640000,161.811,161.825,161.81,161.823
1782377700000,161.824,161.833,161.823,161.826
1782377760000,161.826,161.832,161.823,161.832
1782377820000,161.832,161.834,161.827,161.831
1782377880000,161.831,161.831,161.818,161.819
1782377940000,161.817,161.818,161.795,161.798
1782378000000,161.797,161.822,161.796,161.817
1782378060000,161.817,161.817,161.803,161.803
1782378120000,161.802,161.817,161.8,161.814
1782378180000,161.813,161.814,161.799,161.799
1782378240000,161.799,161.804,161.797,161.803
1782378300000,161.804,161.806,161.793,161.804
1782378360000,161.804,161.808,161.804,161.808
1782378420000,161.809,161.824,161.809,161.824
1782378480000,161.824,161.824,161.816,161.821
1782378540000,161.82,161.824,161.817,161.82
1782378600000,161.821,161.823,161.821,161.822
1782378660000,161.822,161.824,161.81,161.811
1782378720000,161.812,161.813,161.807,161.809
1782378780000,161.809,161.816,161.809,161.816
1782378840000,161.814,161.816,161.812,161.816
1782378900000,161.817,161.819,161.81,161.81
1782378960000,161.808,161.813,161.808,161.812
1782379020000,161.813,161.823,161.812,161.823
1782379080000,161.822,161.836,161.819,161.835
1782379140000,161.836,161.837,161.832,161.835
1782379200000,161.835,161.836,161.822,161.822
1782379260000,161.823,161.836,161.823,161.834
1782379320000,161.834,161.834,161.83,161.831
1782379380000,161.833,161.833,161.821,161.821
1782379440000,161.823,161.827,161.823,161.827
1782379500000,161.827,161.834,161.827,161.834
1782379560000,161.835,161.835,161.83,161.831
1782379620000,161.83,161.835,161.829,161.829
1782379680000,161.831,161.836,161.826,161.836
1782379740000,161.838,161.839,161.831,161.834
1782379800000,161.833,161.833,161.806,161.811
1782379860000,161.812,161.814,161.804,161.808
1782379920000,161.809,161.81,161.797,161.81
1782379980000,161.809,161.81,161.807,161.809
1782380040000,161.81,161.825,161.81,161.824
1782380100000,161.824,161.824,161.82,161.82
1782380160000,161.821,161.821,161.82,161.821
1782380220000,161.821,161.821,161.81,161.81
1782380280000,161.81,161.818,161.81,161.817
1782380340000,161.818,161.82,161.816,161.817
1782380400000,161.817,161.817,161.786,161.8
1782380460000,161.801,161.812,161.8,161.811
1782380520000,161.81,161.816,161.808,161.814
1782380580000,161.812,161.816,161.812,161.815
1782380640000,161.817,161.821,161.815,161.816
1782380700000,161.818,161.823,161.817,161.818
1782380760000,161.82,161.82,161.809,161.815
1782380820000,161.819,161.82,161.818,161.819
1782380880000,161.818,161.82,161.814,161.82
1782380940000,161.82,161.82,161.818,161.82
1782381000000,161.819,161.825,161.818,161.82
1782381060000,161.818,161.821,161.817,161.82
1782381120000,161.82,161.821,161.818,161.818
1782381180000,161.82,161.82,161.815,161.816
1782381240000,161.817,161.818,161.81,161.811
1782381300000,161.811,161.822,161.811,161.817
1782381360000,161.818,161.821,161.815,161.819
1782381420000,161.819,161.822,161.817,161.822
1782381480000,161.82,161.821,161.815,161.816
1782381540000,161.816,161.817,161.812,161.813
1782381600000,161.814,161.814,161.804,161.807
1782381660000,161.806,161.813,161.805,161.808
1782381720000,161.808,161.817,161.807,161.816
1782381780000,161.817,161.821,161.816,161.818
1782381840000,161.817,161.818,161.812,161.812
1782381900000,161.812,161.812,161.806,161.81
1782381960000,161.81,161.81,161.805,161.806
1782382020000,161.808,161.811,161.806,161.811
1782382080000,161.812,161.812,161.807,161.808
1782382140000,161.807,161.811,161.806,161.807
1782382200000,161.807,161.811,161.806,161.808
1782382260000,161.809,161.811,161.807,161.809
1782382320000,161.81,161.819,161.81,161.818
1782382380000,161.817,161.818,161.816,161.818
1782382440000,161.817,161.821,161.816,161.82
1782382500000,161.821,161.822,161.816,161.817
1782382560000,161.819,161.821,161.817,161.819
1782382620000,161.82,161.823,161.819,161.821
1782382680000,161.821,161.821,161.816,161.817
1782382740000,161.816,161.819,161.816,161.817
1782382800000,161.816,161.82,161.816,161.82
1782382860000,161.819,161.825,161.817,161.82
1782382920000,161.819,161.82,161.816,161.817
1782382980000,161.818,161.819,161.818,161.819
1782383040000,161.819,161.822,161.818,161.821
1782383100000,161.821,161.822,161.817,161.822
1782383160000,161.82,161.82,161.82,161.82
1782383220000,161.822,161.824,161.821,161.823
1782383280000,161.822,161.83,161.822,161.83
1782383340000,161.83,161.831,161.825,161.828
1782383400000,161.828,161.831,161.827,161.83
1782383460000,161.832,161.833,161.83,161.83
1782383520000,161.83,161.832,161.83,161.831
1782383580000,161.832,161.833,161.83,161.831
1782383640000,161.831,161.832,161.825,161.832
1782383700000,161.83,161.831,161.83,161.83
1782383760000,161.83,161.83,161.825,161.825
1782383820000,161.826,161.829,161.824,161.827
1782383880000,161.828,161.834,161.827,161.834
1782383940000,161.833,161.834,161.833,161.834
1782384000000,161.834,161.835,161.834,161.834
1782384060000,161.835,161.839,161.835,161.835
1782384120000,161.835,161.84,161.834,161.836
1782384180000,161.834,161.837,161.832,161.834
1782384240000,161.835,161.844,161.834,161.843
1782384300000,161.844,161.851,161.844,161.851
1782384360000,161.85,161.856,161.85,161.854
1782384420000,161.855,161.855,161.853,161.853
1782384480000,161.852,161.853,161.848,161.853
1782384540000,161.853,161.857,161.852,161.857
1782384600000,161.857,161.857,161.852,161.855
1782384660000,161.855,161.863,161.854,161.863
1782384720000,161.865,161.87,161.864,161.869
1782384780000,161.868,161.874,161.868,161.873
1782384840000,161.874,161.88,161.873,161.875
1782384900000,161.877,161.887,161.876,161.886
1782384960000,161.886,161.89,161.884,161.887
1782385020000,161.887,161.89,161.884,161.886
1782385080000,161.887,161.895,161.887,161.889
1782385140000,161.887,161.887,161.874,161.875
1782385200000,161.875,161.885,161.875,161.885
1782385260000,161.884,161.886,161.876,161.876
1782385320000,161.875,161.883,161.873,161.882
1782385380000,161.881,161.881,161.873,161.874
1782385440000,161.873,161.873,161.87,161.872
1782385500000,161.872,161.873,161.871,161.873
1782385560000,161.872,161.872,161.858,161.861
1782385620000,161.861,161.861,161.858,161.86
1782385680000,161.862,161.862,161.858,161.858
1782385740000,161.86,161.869,161.86,161.869
1782385800000,161.866,161.866,161.862,161.863
1782385860000,161.863,161.873,161.863,161.872
1782385920000,161.871,161.877,161.871,161.875
1782385980000,161.874,161.875,161.873,161.874
1782386040000,161.873,161.879,161.872,161.877
1782386100000,161.877,161.878,161.875,161.876
1782386160000,161.877,161.885,161.875,161.885
1782386220000,161.886,161.895,161.885,161.888
1782386280000,161.887,161.887,161.885,161.885
1782386340000,161.885,161.885,161.883,161.885
1782386400000,161.884,161.885,161.876,161.877
1782386460000,161.878,161.881,161.878,161.881
1782386520000,161.88,161.883,161.88,161.881
1782386580000,161.882,161.886,161.882,161.886
1782386640000,161.887,161.894,161.885,161.887
1782386700000,161.89,161.894,161.887,161.887
1782386760000,161.888,161.899,161.888,161.896
1782386820000,161.896,161.899,161.896,161.896
1782386880000,161.897,161.899,161.896,161.896
1782386940000,161.898,161.901,161.892,161.895
1782387000000,161.896,161.899,161.892,161.893
1782387060000,161.894,161.898,161.892,161.892
1782387120000,161.891,161.893,161.891,161.893
1782387180000,161.892,161.893,161.891,161.891
1782387240000,161.892,161.92,161.892,161.917
1782387300000,161.916,161.916,161.879,161.895
1782387360000,161.899,161.905,161.899,161.904
1782387420000,161.905,161.905,161.896,161.896
1782387480000,161.896,161.938,161.895,161.938
1782387540000,161.937,161.938,161.881,161.909
1782387600000,161.908,161.911,161.88,161.893
1782387660000,161.894,161.911,161.883,161.91
1782387720000,161.912,161.919,161.911,161.916
1782387780000,161.918,161.936,161.918,161.924
1782387840000,161.924,161.925,161.921,161.921
1782387900000,161.921,161.933,161.92,161.932
1782387960000,161.932,161.934,161.93,161.933
1782388020000,161.932,161.936,161.932,161.935
1782388080000,161.936,161.936,161.915,161.925
1782388140000,161.924,161.926,161.922,161.924
1782388200000,161.924,161.936,161.923,161.935
1782388260000,161.936,161.948,161.749,161.818
1782388320000,161.822,161.886,161.775,161.885
1782388380000,161.885,161.89,161.878,161.878
1782388440000,161.88,161.905,161.866,161.896
1782388500000,161.897,161.898,161.869,161.87
1782388560000,161.871,161.891,161.871,161.878
1782388620000,161.876,161.891,161.876,161.887
1782388680000,161.887,161.896,161.882,161.883
1782388740000,161.883,161.887,161.863,161.866
1782388800000,161.865,161.9,161.863,161.9
1782388860000,161.898,161.9,161.885,161.885
1782388920000,161.887,161.894,161.868,161.871
1782388980000,161.869,161.882,161.869,161.879
1782389040000,161.88,161.884,161.88,161.881
1782389100000,161.881,161.882,161.871,161.877
1782389160000,161.881,161.883,161.878,161.879
1782389220000,161.877,161.88,161.865,161.865
1782389280000,161.866,161.869,161.861,161.868
1782389340000,161.867,161.868,161.845,161.848
1782389400000,161.847,161.865,161.845,161.86
1782389460000,161.859,161.866,161.854,161.862
1782389520000,161.862,161.866,161.859,161.866
1782389580000,161.865,161.879,161.865,161.871
1782389640000,161.872,161.872,161.865,161.865
1782389700000,161.866,161.867,161.865,161.865
1782389760000,161.866,161.879,161.866,161.87
1782389820000,161.869,161.878,161.869,161.872
1782389880000,161.871,161.88,161.857,161.857
1782389940000,161.857,161.871,161.855,161.863
1782390000000,161.865,161.87,161.86,161.869
1782390060000,161.87,161.873,161.869,161.869
1782390120000,161.871,161.879,161.869,161.879
1782390180000,161.881,161.893,161.88,161.891
1782390240000,161.892,161.893,161.883,161.884
1782390300000,161.882,161.885,161.874,161.882
1782390360000,161.883,161.896,161.882,161.894
1782390420000,161.893,161.895,161.893,161.893
1782390480000,161.892,161.898,161.892,161.898
1782390540000,161.896,161.896,161.878,161.878
1782390600000,161.877,161.881,161.772,161.816
1782390660000,161.816,161.857,161.806,161.845
1782390720000,161.845,161.872,161.831,161.856
1782390780000,161.856,161.866,161.846,161.855
1782390840000,161.854,161.857,161.831,161.836
1782390900000,161.834,161.847,161.827,161.831
1782390960000,161.83,161.832,161.805,161.817
1782391020000,161.813,161.821,161.806,161.81
1782391080000,161.81,161.818,161.799,161.806
1782391140000,161.807,161.818,161.807,161.812
1782391200000,161.814,161.83,161.81,161.828
1782391260000,161.829,161.832,161.803,161.804
1782391320000,161.804,161.804,161.775,161.794
1782391380000,161.795,161.802,161.783,161.787
1782391440000,161.787,161.792,161.774,161.792
1782391500000,161.791,161.797,161.787,161.793
1782391560000,161.793,161.815,161.793,161.805
1782391620000,161.805,161.807,161.788,161.788
1782391680000,161.788,161.797,161.78,161.789
1782391740000,161.79,161.818,161.79,161.817
1782391800000,161.819,161.83,161.811,161.83
1782391860000,161.829,161.842,161.826,161.842
1782391920000,161.842,161.842,161.82,161.822
1782391980000,161.823,161.83,161.818,161.829
1782392040000,161.83,161.842,161.829,161.829
1782392100000,161.828,161.829,161.82,161.82
1782392160000,161.82,161.831,161.819,161.83
1782392220000,161.83,161.841,161.826,161.839
1782392280000,161.84,161.849,161.84,161.842
1782392340000,161.843,161.847,161.832,161.837
1782392400000,161.836,161.844,161.805,161.82
1782392460000,161.819,161.836,161.814,161.836
1782392520000,161.835,161.837,161.804,161.807
1782392580000,161.803,161.816,161.798,161.816
1782392640000,161.815,161.833,161.813,161.833
1782392700000,161.834,161.839,161.831,161.835
1782392760000,161.835,161.844,161.83,161.834
1782392820000,161.835,161.85,161.834,161.837
1782392880000,161.836,161.84,161.829,161.838
1782392940000,161.838,161.85,161.838,161.846
1782393000000,161.844,161.855,161.839,161.844
1782393060000,161.846,161.849,161.835,161.84
1782393120000,161.84,161.843,161.838,161.839
1782393180000,161.84,161.84,161.829,161.832
1782393240000,161.831,161.833,161.811,161.822
1782393300000,161.823,161.831,161.819,161.826
1782393360000,161.825,161.831,161.823,161.831
1782393420000,161.831,161.835,161.829,161.83
1782393480000,161.83,161.839,161.828,161.83
1782393540000,161.83,161.834,161.83,161.833
1782393600000,161.832,161.832,161.816,161.82
1782393660000,161.821,161.825,161.814,161.817
1782393720000,161.819,161.821,161.813,161.817
1782393780000,161.819,161.819,161.809,161.814
1782393840000,161.813,161.815,161.809,161.809
1782393900000,161.811,161.815,161.799,161.799
1782393960000,161.799,161.799,161.79,161.792
1782394020000,161.791,161.801,161.789,161.793
1782394080000,161.794,161.804,161.794,161.8
1782394140000,161.8,161.8,161.782,161.782
1782394200000,161.783,161.784,161.775,161.777
1782394260000,161.777,161.795,161.777,161.791
1782394320000,161.791,161.804,161.788,161.802
1782394380000,161.802,161.805,161.791,161.797
1782394440000,161.795,161.802,161.793,161.795
1782394500000,161.795,161.805,161.792,161.792
1782394560000,161.792,161.796,161.789,161.789
1782394620000,161.79,161.802,161.789,161.789
1782394680000,161.79,161.799,161.788,161.789
1782394740000,161.79,161.79,161.768,161.769
1782394800000,161.769,161.792,161.769,161.792
1782394860000,161.791,161.794,161.786,161.794
1782394920000,161.797,161.804,161.789,161.789
1782394980000,161.79,161.811,161.79,161.809
1782395040000,161.808,161.808,161.797,161.807
1782395100000,161.807,161.82,161.804,161.815
1782395160000,161.816,161.821,161.781,161.783
1782395220000,161.783,161.795,161.765,161.766
1782395280000,161.769,161.78,161.766,161.779
1782395340000,161.78,161.793,161.777,161.791
1782395400000,161.791,161.807,161.788,161.792
1782395460000,161.793,161.793,161.75,161.751
1782395520000,161.753,161.767,161.751,161.755
1782395580000,161.755,161.767,161.754,161.763
1782395640000,161.761,161.768,161.755,161.766
1782395700000,161.766,161.767,161.756,161.757
1782395760000,161.757,161.776,161.756,161.762
1782395820000,161.762,161.763,161.75,161.754
1782395880000,161.754,161.755,161.702,161.714
1782395940000,161.714,161.743,161.714,161.742
1782396000000,161.742,161.756,161.726,161.726
1782396060000,161.726,161.727,161.703,161.715
1782396120000,161.715,161.722,161.698,161.706
1782396180000,161.707,161.707,161.684,161.689
1782396240000,161.687,161.687,161.609,161.609
1782396300000,161.607,161.644,161.557,161.633
1782396360000,161.634,161.667,161.616,161.662
1782396420000,161.663,161.678,161.639,161.674
1782396480000,161.676,161.731,161.674,161.699
1782396540000,161.699,161.699,161.673,161.689
1782396600000,161.689,161.691,161.673,161.688
1782396660000,161.688,161.712,161.688,161.71
1782396720000,161.71,161.713,161.701,161.702
1782396780000,161.702,161.706,161.7,161.702
1782396840000,161.703,161.706,161.693,161.702
1782396900000,161.704,161.705,161.692,161.702
1782396960000,161.703,161.704,161.688,161.69
1782397020000,161.69,161.699,161.684,161.698
1782397080000,161.699,161.714,161.699,161.706
1782397140000,161.711,161.724,161.704,161.716
1782397200000,161.717,161.724,161.712,161.712
1782397260000,161.712,161.722,161.704,161.721
1782397320000,161.722,161.737,161.72,161.734
1782397380000,161.736,161.737,161.725,161.725
1782397440000,161.725,161.755,161.725,161.754
1782397500000,161.753,161.757,161.75,161.751
1782397560000,161.75,161.757,161.75,161.757
1782397620000,161.756,161.76,161.748,161.757
1782397680000,161.757,161.758,161.744,161.753
1782397740000,161.752,161.754,161.739,161.743
1782397800000,161.743,161.744,161.728,161.738
1782397860000,161.737,161.74,161.716,161.716
1782397920000,161.716,161.719,161.709,161.71
1782397980000,161.71,161.727,161.71,161.726
1782398040000,161.726,161.726,161.701,161.703
1782398100000,161.704,161.706,161.682,161.683
1782398160000,161.683,161.692,161.682,161.685
1782398220000,161.685,161.705,161.685,161.699
1782398280000,161.699,161.7,161.685,161.691
1782398340000,161.691,161.708,161.675,161.677
1782398400000,161.677,161.693,161.673,161.685
1782398460000,161.685,161.688,161.672,161.681
1782398520000,161.682,161.687,161.678,161.683
1782398580000,161.681,161.689,161.675,161.684
1782398640000,161.682,161.685,161.672,161.678
1782398700000,161.679,161.68,161.664,161.664
1782398760000,161.663,161.67,161.65,161.651
1782398820000,161.65,161.662,161.644,161.645
1782398880000,161.644,161.645,161.628,161.643
1782398940000,161.642,161.649,161.626,161.626
1782399000000,161.626,161.65,161.624,161.637
1782399060000,161.636,161.636,161.612,161.62
1782399120000,161.619,161.632,161.613,161.63
1782399180000,161.631,161.645,161.631,161.642
1782399240000,161.642,161.648,161.623,161.648
1782399300000,161.649,161.652,161.631,161.632
1782399360000,161.633,161.635,161.625,161.625
1782399420000,161.624,161.627,161.615,161.619
1782399480000,161.617,161.631,161.616,161.631
1782399540000,161.631,161.677,161.631,161.675
1782399600000,161.676,161.683,161.656,161.66
1782399660000,161.66,161.679,161.653,161.655
1782399720000,161.653,161.655,161.628,161.633
1782399780000,161.632,161.646,161.632,161.64
1782399840000,161.64,161.642,161.625,161.629
1782399900000,161.629,161.635,161.613,161.63
1782399960000,161.629,161.635,161.622,161.633
1782400020000,161.633,161.646,161.626,161.64
1782400080000,161.64,161.657,161.637,161.654
1782400140000,161.654,161.68,161.652,161.675
1782400200000,161.674,161.674,161.659,161.661
1782400260000,161.662,161.684,161.661,161.684
1782400320000,161.682,161.693,161.676,161.691
1782400380000,161.691,161.702,161.678,161.702
1782400440000,161.7,161.708,161.692,161.695
1782400500000,161.696,161.716,161.696,161.7
1782400560000,161.7,161.703,161.694,161.7
1782400620000,161.7,161.709,161.698,161.702
1782400680000,161.702,161.702,161.687,161.7
1782400740000,161.7,161.703,161.693,161.696
1782400800000,161.696,161.696,161.687,161.688
1782400860000,161.686,161.688,161.683,161.685
1782400920000,161.683,161.684,161.663,161.666
1782400980000,161.668,161.681,161.667,161.674
1782401040000,161.676,161.676,161.648,161.648
1782401100000,161.649,161.659,161.62,161.639
1782401160000,161.639,161.652,161.634,161.647
1782401220000,161.649,161.66,161.646,161.658
1782401280000,161.66,161.666,161.651,161.658
1782401340000,161.658,161.658,161.644,161.648
1782401400000,161.646,161.649,161.635,161.641
1782401460000,161.64,161.647,161.632,161.633
1782401520000,161.634,161.659,161.634,161.642
1782401580000,161.642,161.655,161.641,161.651
1782401640000,161.653,161.667,161.653,161.666
1782401700000,161.666,161.666,161.655,161.661
1782401760000,161.661,161.673,161.66,161.667
1782401820000,161.669,161.675,161.664,161.669
1782401880000,161.667,161.668,161.66,161.662
1782401940000,161.663,161.673,161.662,161.67
1782402000000,161.672,161.702,161.671,161.702
1782402060000,161.704,161.711,161.699,161.707
1782402120000,161.708,161.722,161.708,161.718
1782402180000,161.717,161.721,161.708,161.715
1782402240000,161.712,161.717,161.697,161.701
1782402300000,161.701,161.705,161.685,161.691
1782402360000,161.691,161.691,161.674,161.681
1782402420000,161.681,161.69,161.68,161.684
1782402480000,161.685,161.701,161.683,161.701
1782402540000,161.702,161.702,161.688,161.693
1782402600000,161.693,161.713,161.693,161.712
1782402660000,161.711,161.712,161.697,161.698
1782402720000,161.699,161.718,161.698,161.716
1782402780000,161.715,161.721,161.712,161.715
1782402840000,161.715,161.722,161.714,161.721
1782402900000,161.72,161.72,161.713,161.715
1782402960000,161.714,161.714,161.693,161.695
1782403020000,161.696,161.697,161.677,161.684
1782403080000,161.684,161.686,161.66,161.66
1782403140000,161.66,161.676,161.657,161.672
1782403200000,161.671,161.709,161.67,161.69
1782403260000,161.689,161.69,161.672,161.672
1782403320000,161.674,161.675,161.663,161.664
1782403380000,161.664,161.67,161.658,161.667
1782403440000,161.669,161.698,161.665,161.691
1782403500000,161.69,161.691,161.684,161.688
1782403560000,161.688,161.699,161.686,161.696
1782403620000,161.696,161.697,161.69,161.692
1782403680000,161.693,161.697,161.691,161.696
1782403740000,161.697,161.711,161.696,161.701
1782403800000,161.701,161.701,161.692,161.698
1782403860000,161.698,161.701,161.696,161.701
1782403920000,161.7,161.701,161.694,161.697
1782403980000,161.696,161.701,161.696,161.701
1782404040000,161.7,161.7,161.696,161.696
1782404100000,161.695,161.697,161.687,161.694
1782404160000,161.694,161.701,161.688,161.696
1782404220000,161.694,161.697,161.673,161.674
1782404280000,161.674,161.674,161.661,161.67
1782404340000,161.672,161.687,161.672,161.687
1782404400000,161.687,161.689,161.684,161.689
1782404460000,161.689,161.69,161.676,161.684
1782404520000,161.684,161.69,161.677,161.677
1782404580000,161.676,161.679,161.672,161.676
1782404640000,161.677,161.683,161.674,161.681
1782404700000,161.68,161.687,161.678,161.684
1782404760000,161.682,161.682,161.673,161.674
1782404820000,161.677,161.682,161.672,161.674
1782404880000,161.676,161.684,161.675,161.677
1782404940000,161.679,161.688,161.679,161.686
1782405000000,161.686,161.701,161.686,161.7
1782405060000,161.7,161.703,161.692,161.701
1782405120000,161.699,161.703,161.691,161.699
1782405180000,161.698,161.7,161.696,161.696
1782405240000,161.696,161.705,161.694,161.705
1782405300000,161.706,161.714,161.706,161.709
1782405360000,161.707,161.709,161.701,161.701
1782405420000,161.701,161.703,161.698,161.702
1782405480000,161.703,161.711,161.703,161.709
1782405540000,161.708,161.708,161.701,161.702
1782405600000,161.702,161.703,161.697,161.698
1782405660000,161.699,161.701,161.698,161.7
1782405720000,161.699,161.715,161.697,161.713
1782405780000,161.713,161.715,161.71,161.715
1782405840000,161.716,161.724,161.716,161.721
1782405900000,161.72,161.73,161.718,161.722
1782405960000,161.723,161.726,161.722,161.722
1782406020000,161.721,161.73,161.72,161.726
1782406080000,161.726,161.726,161.722,161.723
1782406140000,161.722,161.722,161.711,161.714
1782406200000,161.717,161.73,161.717,161.727
1782406260000,161.729,161.754,161.727,161.75
1782406320000,161.751,161.754,161.734,161.735
1782406380000,161.732,161.738,161.732,161.737
1782406440000,161.738,161.743,161.738,161.741
1782406500000,161.74,161.747,161.736,161.742
1782406560000,161.743,161.745,161.737,161.745
1782406620000,161.746,161.764,161.746,161.757
1782406680000,161.755,161.759,161.753,161.758
1782406740000,161.758,161.766,161.752,161.766
1782406800000,161.767,161.773,161.765,161.771
1782406860000,161.77,161.77,161.765,161.768
1782406920000,161.767,161.771,161.753,161.755
1782406980000,161.756,161.759,161.756,161.759
1782407040000,161.759,161.765,161.756,161.758
1782407100000,161.761,161.762,161.756,161.759
1782407160000,161.76,161.764,161.749,161.749
1782407220000,161.749,161.749,161.73,161.731
1782407280000,161.73,161.736,161.73,161.736
1782407340000,161.736,161.745,161.736,161.744
1782407400000,161.748,161.751,161.744,161.747
1782407460000,161.748,161.753,161.747,161.75
1782407520000,161.75,161.755,161.747,161.753
1782407580000,161.753,161.755,161.75,161.752
1782407640000,161.751,161.755,161.749,161.754
1782407700000,161.754,161.762,161.753,161.756
1782407760000,161.755,161.758,161.754,161.756
1782407820000,161.756,161.756,161.752,161.754
1782407880000,161.755,161.757,161.755,161.755
1782407940000,161.756,161.76,161.756,161.757
1782408000000,161.757,161.758,161.755,161.756
1782408060000,161.756,161.764,161.753,161.761
1782408120000,161.764,161.774,161.764,161.774
1782408180000,161.775,161.78,161.773,161.777
1782408240000,161.777,161.778,161.775,161.777
1782408300000,161.777,161.781,161.766,161.77
1782408360000,161.769,161.77,161.764,161.766
1782408420000,161.767,161.769,161.765,161.769
1782408480000,161.771,161.779,161.768,161.778
1782408540000,161.779,161.779,161.771,161.772
1782408600000,161.771,161.784,161.771,161.784
1782408660000,161.783,161.786,161.782,161.784
1782408720000,161.784,161.788,161.784,161.788
1782408780000,161.789,161.795,161.789,161.794
1782408840000,161.794,161.795,161.79,161.791
1782408900000,161.793,161.797,161.792,161.794
1782408960000,161.796,161.797,161.795,161.797
1782409020000,161.798,161.803,161.794,161.799
1782409080000,161.801,161.802,161.797,161.8
1782409140000,161.798,161.805,161.798,161.805
1782409200000,161.804,161.804,161.793,161.794
1782409260000,161.793,161.794,161.791,161.793
1782409320000,161.793,161.797,161.793,161.794
1782409380000,161.795,161.802,161.793,161.802
1782409440000,161.803,161.806,161.8,161.805
1782409500000,161.804,161.807,161.803,161.805
1782409560000,161.805,161.806,161.803,161.803
1782409620000,161.802,161.806,161.797,161.804
1782409680000,161.804,161.806,161.802,161.802
1782409740000,161.803,161.803,161.793,161.794
1782409800000,161.794,161.794,161.787,161.788
1782409860000,161.787,161.787,161.776,161.777
1782409920000,161.778,161.778,161.773,161.775
1782409980000,161.773,161.773,161.764,161.767
1782410040000,161.765,161.765,161.759,161.76
1782410100000,161.762,161.762,161.759,161.759
1782410160000,161.761,161.771,161.749,161.756
1782410220000,161.756,161.76,161.75,161.76
1782410280000,161.758,161.766,161.753,161.766
1782410340000,161.765,161.778,161.765,161.777
1782410400000,161.777,161.805,161.777,161.805
1782410460000,161.805,161.826,161.805,161.822
1782410520000,161.823,161.841,161.822,161.827
1782410580000,161.826,161.83,161.815,161.821
1782410640000,161.821,161.823,161.811,161.811
1782410700000,161.811,161.823,161.809,161.809
1782410760000,161.81,161.812,161.798,161.798
1782410820000,161.8,161.802,161.799,161.801
1782410880000,161.799,161.801,161.798,161.799
1782410940000,161.799,161.802,161.799,161.799
1782411000000,161.798,161.799,161.788,161.798
1782411060000,161.798,161.798,161.784,161.785
1782411120000,161.785,161.787,161.782,161.784
1782411180000,161.785,161.785,161.776,161.777
1782411240000,161.775,161.775,161.763,161.764
1782411300000,161.771,161.774,161.768,161.774
1782411360000,161.774,161.774,161.768,161.774
1782411420000,161.774,161.774,161.765,161.772
1782411480000,161.774,161.775,161.771,161.772
1782411540000,161.77,161.775,161.764,161.774
1782411600000,161.773,161.776,161.773,161.774
1782411660000,161.774,161.774,161.765,161.772
1782411720000,161.77,161.773,161.762,161.77
1782411780000,161.769,161.776,161.769,161.774
1782411840000,161.773,161.775,161.773,161.775
1782411900000,161.775,161.775,161.766,161.774
1782411960000,161.772,161.773,161.768,161.772
1782412020000,161.773,161.773,161.767,161.773
1782412080000,161.773,161.773,161.764,161.765
1782412140000,161.765,161.767,161.763,161.764
1782412200000,161.764,161.779,161.764,161.779
1782412260000,161.779,161.783,161.773,161.774
1782412320000,161.774,161.777,161.771,161.777
1782412380000,161.777,161.781,161.776,161.781
1782412440000,161.781,161.781,161.778,161.779
1782412500000,161.778,161.779,161.775,161.776
1782412560000,161.776,161.776,161.772,161.774
1782412620000,161.772,161.774,161.765,161.765
1782412680000,161.765,161.775,161.764,161.772
1782412740000,161.773,161.795,161.772,161.783
1782412800000,161.785,161.794,161.785,161.794
1782412860000,161.794,161.795,161.79,161.79
1782412920000,161.791,161.796,161.789,161.795
1782412980000,161.796,161.808,161.795,161.803
1782413040000,161.804,161.807,161.801,161.804
1782413100000,161.805,161.809,161.804,161.806
1782413160000,161.806,161.812,161.802,161.81
1782413220000,161.809,161.809,161.805,161.809
1782413280000,161.806,161.809,161.806,161.808
1782413340000,161.81,161.813,161.806,161.806
1782413400000,161.805,161.806,161.802,161.804
1782413460000,161.803,161.803,161.794,161.795
1782413520000,161.794,161.795,161.769,161.769
1782413580000,161.769,161.775,161.769,161.771
1782413640000,161.772,161.776,161.77,161.776
1782413700000,161.775,161.775,161.77,161.771
1782413760000,161.771,161.777,161.771,161.775
1782413820000,161.775,161.785,161.773,161.784
1782413880000,161.784,161.792,161.783,161.784
1782413940000,161.783,161.792,161.777,161.792
1782414000000,161.792,161.794,161.783,161.794
1782414060000,161.795,161.795,161.791,161.793
1782414120000,161.792,161.797,161.792,161.797
1782414180000,161.796,161.805,161.794,161.795
1782414240000,161.794,161.794,161.791,161.794
1782414300000,161.793,161.796,161.793,161.796
1782414360000,161.795,161.796,161.794,161.794
1782414420000,161.793,161.795,161.789,161.792
1782414480000,161.793,161.795,161.792,161.795
1782414540000,161.794,161.801,161.794,161.794
1782414600000,161.795,161.796,161.795,161.796
1782414660000,161.797,161.797,161.795,161.795
1782414720000,161.797,161.814,161.796,161.814
1782414780000,161.812,161.824,161.812,161.82
1782414840000,161.819,161.819,161.807,161.807
1782414900000,161.808,161.808,161.793,161.793
1782414960000,161.793,161.793,161.784,161.788
1782415020000,161.787,161.798,161.787,161.798
1782415080000,161.8,161.803,161.797,161.803
1782415140000,161.804,161.805,161.796,161.796
1782415200000,161.794,161.794,161.789,161.791
1782415260000,161.79,161.79,161.788,161.788
1782415320000,161.79,161.791,161.789,161.79
1782415380000,161.788,161.788,161.781,161.783
1782415440000,161.785,161.787,161.782,161.782
1782415500000,161.781,161.781,161.775,161.778
1782415560000,161.778,161.79,161.778,161.789
1782415620000,161.789,161.79,161.789,161.789
1782415680000,161.789,161.791,161.788,161.788
1782415740000,161.788,161.788,161.781,161.782
1782415800000,161.782,161.782,161.76,161.762
1782415860000,161.764,161.764,161.761,161.763
1782415920000,161.763,161.763,161.759,161.763
1782415980000,161.765,161.768,161.764,161.764
1782416040000,161.764,161.764,161.759,161.76
1782416100000,161.762,161.762,161.76,161.76
1782416160000,161.761,161.763,161.761,161.763
1782416220000,161.764,161.764,161.761,161.762
1782416280000,161.751,161.751,161.748,161.749
1782416340000,161.75,161.752,161.749,161.752
1782416400000,161.751,161.787,161.748,161.785
1782416460000,161.784,161.802,161.781,161.796
1782416520000,161.797,161.799,161.787,161.799
1782416580000,161.797,161.803,161.792,161.793
1782416640000,161.793,161.8,161.792,161.793
1782416700000,161.795,161.803,161.795,161.802
1782416760000,161.803,161.803,161.793,161.797
1782416820000,161.798,161.805,161.793,161.805
1782416880000,161.804,161.807,161.8,161.802
1782416940000,161.803,161.806,161.801,161.804
1782417000000,161.804,161.81,161.799,161.803
1782417060000,161.803,161.803,161.8,161.8
1782417120000,161.802,161.812,161.801,161.808
1782417180000,161.81,161.819,161.809,161.819
1782417240000,161.819,161.821,161.817,161.819
1782417300000,161.819,161.819,161.801,161.802
1782417360000,161.803,161.816,161.802,161.812
1782417420000,161.812,161.812,161.789,161.789
1782417480000,161.789,161.789,161.78,161.785
1782417540000,161.784,161.789,161.78,161.789
1782417600000,161.789,161.79,161.775,161.779
1782417660000,161.779,161.78,161.776,161.779
1782417720000,161.78,161.804,161.779,161.804
1782417780000,161.804,161.806,161.803,161.804
1782417840000,161.804,161.806,161.794,161.798
1782417900000,161.795,161.805,161.793,161.795
1782417960000,161.797,161.806,161.797,161.804
1782418020000,161.799,161.799,161.794,161.795
1782418080000,161.797,161.799,161.795,161.798
1782418140000,161.796,161.801,161.796,161.799
1782418200000,161.799,161.799,161.794,161.794
1782418260000,161.797,161.801,161.797,161.797
1782418320000,161.798,161.809,161.798,161.807
1782418380000,161.811,161.813,161.809,161.811
1782418440000,161.811,161.811,161.805,161.805
1782418500000,161.806,161.806,161.801,161.803
1782418560000,161.803,161.806,161.801,161.803
1782418620000,161.802,161.804,161.8,161.802
1782418680000,161.801,161.803,161.795,161.796
1782418740000,161.791,161.792,161.791,161.792
1782418800000,161.793,161.798,161.793,161.796
1782418860000,161.797,161.798,161.794,161.798
1782418920000,161.797,161.805,161.797,161.805
1782418980000,161.805,161.806,161.8,161.801
1782419040000,161.802,161.806,161.802,161.806
1782419100000,161.806,161.806,161.806,161.806
1782419160000,161.806,161.806,161.8,161.8
1782419220000,161.8,161.801,161.798,161.8
1782419280000,161.8,161.802,161.8,161.8
1782419340000,161.801,161.801,161.793,161.795
1782419400000,161.799,161.802,161.795,161.795
1782419460000,161.796,161.796,161.791,161.793
1782419520000,161.794,161.796,161.794,161.796
1782419580000,161.797,161.798,161.794,161.794
1782419640000,161.795,161.796,161.793,161.796
1782419700000,161.796,161.796,161.794,161.794
1782419760000,161.792,161.794,161.792,161.794
1782419820000,161.794,161.795,161.794,161.794
1782419880000,161.793,161.804,161.791,161.804
1782419940000,161.803,161.807,161.803,161.804
1782420000000,161.805,161.805,161.804,161.804
1782420060000,161.803,161.804,161.802,161.802
1782420120000,161.803,161.804,161.803,161.804
1782420180000,161.804,161.804,161.794,161.795
1782420240000,161.794,161.796,161.794,161.796
1782420300000,161.797,161.797,161.794,161.796
1782420360000,161.797,161.797,161.796,161.796
1782420420000,161.795,161.796,161.794,161.796
1782420480000,161.795,161.795,161.795,161.795
1782420540000,161.794,161.796,161.79,161.795
1782420600000,161.795,161.795,161.791,161.792
1782420660000,161.791,161.791,161.787,161.787
1782420720000,161.788,161.793,161.787,161.793
1782420780000,161.792,161.794,161.792,161.793
1782420840000,161.793,161.796,161.793,161.796
1782420900000,161.796,161.803,161.795,161.802
1782420960000,161.803,161.804,161.802,161.804
1782421020000,161.802,161.805,161.801,161.802
1782421080000,161.802,161.804,161.798,161.8
1782421140000,161.8,161.802,161.778,161.778
1782421200000,161.777,161.777,161.753,161.759
1782421260000,161.759,161.759,161.759,161.759
1782421320000,161.759,161.759,161.759,161.759
1782421380000,161.759,161.759,161.759,161.759
1782421440000,161.759,161.759,161.759,161.759
1782421500000,161.755,161.761,161.755,161.761
1782421560000,161.762,161.762,161.762,161.762
1782421620000,161.762,161.762,161.76,161.76
1782421680000,161.76,161.76,161.76,161.76
1782421740000,161.762,161.762,161.76,161.761
1782421800000,161.761,161.761,161.76,161.76
1782421860000,161.761,161.761,161.759,161.759
1782421920000,161.758,161.758,161.758,161.758
1782421980000,161.756,161.756,161.755,161.755
1782422040000,161.756,161.756,161.756,161.756
1782422100000,161.756,161.756,161.756,161.756
1782422160000,161.755,161.755,161.75,161.75
1782422220000,161.75,161.75,161.745,161.745
1782422280000,161.746,161.749,161.746,161.749
1782422340000,161.749,161.749,161.747,161.747
1782422400000,161.748,161.75,161.748,161.75
1782422460000,161.748,161.75,161.748,161.749
1782422520000,161.744,161.76,161.743,161.758
1782422580000,161.759,161.759,161.652,161.668
1782422640000,161.668,161.719,161.668,161.719
1782422700000,161.719,161.72,161.719,161.72
1782422760000,161.72,161.765,161.719,161.764
1782422820000,161.766,161.782,161.76,161.782
1782422880000,161.782,161.782,161.778,161.78
1782422940000,161.772,161.794,161.765,161.788
1782423000000,161.794,161.794,161.787,161.793
1782423060000,161.793,161.794,161.78,161.794
1782423120000,161.793,161.793,161.779,161.789
1782423180000,161.789,161.801,161.789,161.801
1782423240000,161.796,161.796,161.796,161.796
1782423300000,161.797,161.8,161.797,161.799
1782423360000,161.799,161.818,161.779,161.801
1782423420000,161.805,161.814,161.783,161.806
1782423480000,161.806,161.807,161.806,161.807
1782423540000,161.807,161.807,161.777,161.777
1782423600000,161.755,161.758,161.753,161.757
1782423660000,161.757,161.773,161.752,161.771
1782423720000,161.789,161.795,161.779,161.793
1782423780000,161.792,161.803,161.786,161.803
1782423840000,161.802,161.803,161.756,161.761
1782423900000,161.761,161.762,161.754,161.756
1782423960000,161.756,161.797,161.754,161.797
1782424020000,161.797,161.801,161.796,161.797
1782424080000,161.797,161.813,161.796,161.796
1782424140000,161.804,161.806,161.773,161.781
1782424200000,161.782,161.793,161.78,161.784
1782424260000,161.792,161.792,161.782,161.784
1782424320000,161.788,161.791,161.782,161.782
1782424380000,161.783,161.791,161.782,161.783
1782424440000,161.783,161.8,161.779,161.779
1782424500000,161.773,161.773,161.727,161.736
1782424560000,161.737,161.761,161.712,161.753
1782424620000,161.754,161.783,161.747,161.757
1782424680000,161.756,161.777,161.751,161.764
1782424740000,161.766,161.766,161.755,161.76
1782424800000,161.76,161.77,161.76,161.764
1782424860000,161.764,161.764,161.759,161.763
1782424920000,161.764,161.786,161.763,161.786
1782424980000,161.786,161.786,161.772,161.775
1782425040000,161.775,161.785,161.774,161.784
1782425100000,161.783,161.784,161.771,161.773
1782425160000,161.774,161.777,161.774,161.777
1782425220000,161.776,161.789,161.775,161.788
1782425280000,161.787,161.79,161.778,161.782
1782425340000,161.777,161.784,161.777,161.781
1782425400000,161.78,161.781,161.78,161.781
1782425460000,161.777,161.791,161.774,161.789
1782425520000,161.789,161.79,161.787,161.79
1782425580000,161.791,161.801,161.788,161.788
1782425640000,161.789,161.789,161.788,161.788
1782425700000,161.794,161.798,161.785,161.785
1782425760000,161.783,161.784,161.782,161.784
1782425820000,161.784,161.785,161.783,161.784
1782425880000,161.785,161.786,161.784,161.785
1782425940000,161.785,161.787,161.784,161.785
1782426000000,161.784,161.785,161.783,161.784
1782426060000,161.784,161.784,161.783,161.783
1782426120000,161.783,161.784,161.783,161.783
1782426180000,161.783,161.784,161.782,161.783
1782426240000,161.783,161.783,161.781,161.783
1782426300000,161.783,161.783,161.782,161.783
1782426360000,161.783,161.783,161.771,161.774
1782426420000,161.773,161.774,161.773,161.774
1782426480000,161.782,161.784,161.782,161.784
1782426540000,161.784,161.787,161.783,161.785
1782426600000,161.784,161.784,161.772,161.773
1782426660000,161.772,161.773,161.772,161.773
1782426720000,161.771,161.772,161.771,161.772
1782426780000,161.772,161.774,161.772,161.773
1782426840000,161.773,161.773,161.77,161.772
1782426900000,161.772,161.773,161.772,161.773
1782426960000,161.772,161.772,161.772,161.772
1782427020000,161.772,161.774,161.772,161.774
1782427080000,161.773,161.774,161.773,161.774
1782427140000,161.779,161.784,161.775,161.779
1782427200000,161.777,161.777,161.775,161.775
1782427260000,161.776,161.776,161.776,161.776
1782427320000,161.775,161.775,161.774,161.775
1782427380000,161.775,161.775,161.775,161.775
1782427440000,161.775,161.775,161.775,161.775
1782427500000,161.776,161.776,161.775,161.775
1782427560000,161.773,161.777,161.773,161.777
1782427620000,161.777,161.783,161.777,161.778
1782427680000,161.776,161.776,161.776,161.776
1782427740000,161.776,161.776,161.774,161.774
1782427800000,161.775,161.776,161.774,161.775
1782427860000,161.775,161.778,161.775,161.775
1782427920000,161.775,161.775,161.775,161.775
1782427980000,161.774,161.775,161.774,161.775
1782428040000,161.774,161.776,161.774,161.774
1782428100000,161.773,161.774,161.773,161.774
1782428160000,161.773,161.774,161.772,161.774
1782428220000,161.771,161.798,161.771,161.794
1782428280000,161.794,161.796,161.783,161.788
1782428340000,161.79,161.792,161.784,161.784
1782428400000,161.786,161.786,161.763,161.77
1782428460000,161.767,161.771,161.76,161.77
1782428520000,161.769,161.782,161.766,161.781
1782428580000,161.78,161.794,161.78,161.79
1782428640000,161.789,161.789,161.786,161.788
1782428700000,161.79,161.799,161.79,161.791
1782428760000,161.792,161.792,161.788,161.788
1782428820000,161.788,161.788,161.788,161.788
1782428880000,161.789,161.789,161.789,161.789
1782428940000,161.789,161.789,161.787,161.787
1782429000000,161.789,161.789,161.789,161.789
1782429060000,161.787,161.79,161.786,161.786
1782429120000,161.787,161.787,161.787,161.787
1782429180000,161.786,161.789,161.785,161.789
1782429240000,161.79,161.8,161.79,161.798
1782429300000,161.798,161.804,161.798,161.802
1782429360000,161.804,161.804,161.798,161.801
1782429420000,161.801,161.811,161.801,161.805
1782429480000,161.803,161.813,161.803,161.805
1782429540000,161.805,161.815,161.804,161.813
1782429600000,161.813,161.813,161.8,161.8
1782429660000,161.8,161.812,161.8,161.81
1782429720000,161.809,161.813,161.8,161.8
1782429780000,161.805,161.807,161.8,161.806
1782429840000,161.806,161.813,161.805,161.813
1782429900000,161.809,161.811,161.806,161.806
1782429960000,161.805,161.805,161.801,161.801
1782430020000,161.803,161.803,161.801,161.801
1782430080000,161.8,161.801,161.8,161.801
1782430140000,161.799,161.8,161.795,161.795
1782430200000,161.796,161.803,161.767,161.8
1782430260000,161.801,161.801,161.8,161.8
1782430320000,161.799,161.802,161.798,161.801
1782430380000,161.802,161.803,161.802,161.802
1782430440000,161.803,161.808,161.802,161.805
1782430500000,161.81,161.81,161.804,161.804
1782430560000,161.802,161.802,161.8,161.8
1782430620000,161.801,161.801,161.801,161.801
1782430680000,161.801,161.801,161.787,161.787
1782430740000,161.788,161.797,161.788,161.796
1782430800000,161.796,161.799,161.796,161.799
1782430860000,161.799,161.799,161.799,161.799
1782430920000,161.797,161.797,161.797,161.797
1782430980000,161.799,161.8,161.798,161.8
1782431040000,161.799,161.8,161.794,161.798
1782431100000,161.797,161.798,161.786,161.786
1782431160000,161.788,161.788,161.786,161.788
1782431220000,161.792,161.794,161.787,161.789
1782431280000,161.789,161.789,161.787,161.787
1782431340000,161.787,161.79,161.787,161.788
1782431400000,161.788,161.789,161.786,161.789
1782431460000,161.789,161.79,161.788,161.789
1782431520000,161.79,161.799,161.79,161.799
1782431580000,161.798,161.799,161.788,161.788
1782431640000,161.789,161.799,161.789,161.798
1782431700000,161.798,161.804,161.796,161.804
1782431760000,161.803,161.807,161.803,161.803
1782431820000,161.806,161.806,161.805,161.806
1782431880000,161.805,161.805,161.8,161.8
1782431940000,161.801,161.804,161.8,161.804
1783036800000,161.456,161.456,161.404,161.412
1783036860000,161.413,161.42,161.393,161.401
1783036920000,161.402,161.415,161.4,161.406
1783036980000,161.405,161.429,161.394,161.419
1783037040000,161.418,161.431,161.415,161.43
1783037100000,161.431,161.469,161.431,161.448
1783037160000,161.449,161.461,161.448,161.452
1783037220000,161.455,161.46,161.442,161.443
1783037280000,161.444,161.447,161.442,161.446
1783037340000,161.445,161.459,161.445,161.459
1783037400000,161.46,161.46,161.447,161.449
1783037460000,161.449,161.457,161.443,161.455
1783037520000,161.456,161.456,161.429,161.431
1783037580000,161.431,161.444,161.43,161.444
1783037640000,161.444,161.521,161.444,161.492
1783037700000,161.492,161.496,161.467,161.469
1783037760000,161.472,161.491,161.471,161.481
1783037820000,161.481,161.482,161.473,161.475
1783037880000,161.475,161.48,161.46,161.46
1783037940000,161.462,161.469,161.45,161.45
1783038000000,161.449,161.454,161.443,161.451
1783038060000,161.45,161.488,161.449,161.474
1783038120000,161.474,161.485,161.474,161.48
1783038180000,161.482,161.482,161.464,161.466
1783038240000,161.469,161.471,161.452,161.455
1783038300000,161.454,161.455,161.44,161.446
1783038360000,161.446,161.446,161.432,161.445
1783038420000,161.448,161.449,161.437,161.446
1783038480000,161.446,161.455,161.445,161.447
1783038540000,161.447,161.459,161.442,161.442
1783038600000,161.445,161.449,161.442,161.447
1783038660000,161.448,161.449,161.442,161.447
1783038720000,161.449,161.455,161.443,161.443
1783038780000,161.445,161.446,161.418,161.42
1783038840000,161.422,161.436,161.418,161.435
1783038900000,161.433,161.435,161.409,161.409
1783038960000,161.411,161.419,161.4,161.408
1783039020000,161.411,161.426,161.411,161.421
1783039080000,161.423,161.43,161.417,161.419
1783039140000,161.419,161.421,161.4,161.404
1783039200000,161.406,161.409,161.405,161.406
1783039260000,161.408,161.432,161.408,161.431
1783039320000,161.433,161.433,161.415,161.419
1783039380000,161.422,161.438,161.419,161.437
1783039440000,161.438,161.438,161.39,161.394
1783039500000,161.393,161.394,161.378,161.394
1783039560000,161.393,161.393,161.373,161.378
1783039620000,161.378,161.384,161.376,161.376
1783039680000,161.377,161.377,161.363,161.365
1783039740000,161.365,161.383,161.361,161.381
1783039800000,161.38,161.396,161.377,161.379
1783039860000,161.379,161.382,161.366,161.38
1783039920000,161.379,161.396,161.379,161.395
1783039980000,161.394,161.395,161.323,161.327
1783040040000,161.324,161.326,161.218,161.218
1783040100000,161.22,161.302,161.217,161.294
1783040160000,161.293,161.299,161.267,161.276
1783040220000,161.275,161.28,161.234,161.24
1783040280000,161.244,161.254,161.218,161.22
1783040340000,161.219,161.219,161.185,161.19
1783040400000,161.19,161.205,161.18,161.198
1783040460000,161.198,161.223,161.197,161.201
1783040520000,161.2,161.223,161.182,161.214
1783040580000,161.214,161.221,161.197,161.2
1783040640000,161.201,161.236,161.198,161.233
1783040700000,161.232,161.242,161.229,161.236
1783040760000,161.234,161.266,161.23,161.253
1783040820000,161.252,161.272,161.247,161.25
1783040880000,161.248,161.253,161.239,161.244
1783040940000,161.242,161.245,161.225,161.229
1783041000000,161.23,161.25,161.228,161.236
1783041060000,161.235,161.235,161.168,161.188
1783041120000,161.188,161.202,161.184,161.187
1783041180000,161.187,161.191,161.167,161.173
1783041240000,161.173,161.181,161.082,161.083
1783041300000,161.083,161.096,161.055,161.072
1783041360000,161.071,161.096,161.068,161.092
1783041420000,161.092,161.094,161.066,161.069
1783041480000,161.067,161.069,161.039,161.056
1783041540000,161.057,161.061,160.953,160.957
1783041600000,160.964,161.004,160.918,160.932
1783041660000,160.934,160.984,160.929,160.979
1783041720000,160.98,160.986,160.955,160.981
1783041780000,160.982,161.04,160.982,161.032
1783041840000,161.032,161.033,161.006,161.019
1783041900000,161.019,161.028,161.007,161.026
1783041960000,161.035,161.08,161.031,161.08
1783042020000,161.077,161.1,161.073,161.097
1783042080000,161.095,161.099,161.072,161.086
1783042140000,161.087,161.104,161.086,161.103
1783042200000,161.103,161.133,161.075,161.132
1783042260000,161.132,161.154,161.124,161.146
1783042320000,161.144,161.145,161.114,161.121
1783042380000,161.121,161.134,161.114,161.115
1783042440000,161.114,161.122,161.082,161.082
1783042500000,161.081,161.121,161.078,161.121
1783042560000,161.122,161.162,161.121,161.162
1783042620000,161.16,161.172,161.159,161.166
1783042680000,161.167,161.186,161.167,161.182
1783042740000,161.184,161.186,161.17,161.175
1783042800000,161.175,161.186,161.17,161.182
1783042860000,161.182,161.186,161.159,161.173
1783042920000,161.174,161.176,161.169,161.172
1783042980000,161.171,161.172,161.148,161.157
1783043040000,161.158,161.161,161.133,161.149
1783043100000,161.15,161.19,161.148,161.19
1783043160000,161.192,161.199,161.189,161.199
1783043220000,161.2,161.221,161.195,161.221
1783043280000,161.221,161.236,161.219,161.22
1783043340000,161.22,161.222,161.212,161.212
1783043400000,161.214,161.237,161.214,161.225
1783043460000,161.226,161.25,161.223,161.244
1783043520000,161.244,161.258,161.24,161.246
1783043580000,161.247,161.253,161.246,161.249
1783043640000,161.249,161.253,161.246,161.246
1783043700000,161.246,161.246,161.222,161.227
1783043760000,161.226,161.232,161.22,161.223
1783043820000,161.224,161.252,161.224,161.245
1783043880000,161.245,161.251,161.231,161.236
1783043940000,161.235,161.238,161.233,161.235
1783044000000,161.235,161.24,161.223,161.225
1783044060000,161.226,161.246,161.221,161.223
1783044120000,161.222,161.235,161.222,161.235
1783044180000,161.235,161.235,161.196,161.198
1783044240000,161.201,161.211,161.184,161.2
1783044300000,161.201,161.201,161.183,161.187
1783044360000,161.187,161.187,161.168,161.169
1783044420000,161.168,161.173,161.144,161.161
1783044480000,161.162,161.173,161.145,161.173
1783044540000,161.172,161.175,161.146,161.146
1783044600000,161.145,161.162,161.135,161.161
1783044660000,161.162,161.162,161.145,161.15
1783044720000,161.151,161.17,161.151,161.17
1783044780000,161.167,161.173,161.157,161.157
1783044840000,161.157,161.165,161.157,161.162
1783044900000,161.168,161.175,161.168,161.175
1783044960000,161.174,161.175,161.161,161.162
1783045020000,161.161,161.161,161.157,161.157
1783045080000,161.157,161.159,161.122,161.122
1783045140000,161.122,161.138,161.122,161.135
1783045200000,161.135,161.144,161.133,161.136
1783045260000,161.135,161.148,161.134,161.145
1783045320000,161.144,161.147,161.13,161.131
1783045380000,161.13,161.131,161.121,161.126
1783045440000,161.125,161.147,161.125,161.146
1783045500000,161.145,161.163,161.143,161.162
1783045560000,161.163,161.17,161.162,161.163
1783045620000,161.163,161.171,161.158,161.161
1783045680000,161.16,161.164,161.144,161.156
1783045740000,161.157,161.162,161.148,161.148
1783045800000,161.15,161.163,161.147,161.162
1783045860000,161.161,161.19,161.159,161.188
1783045920000,161.188,161.212,161.186,161.211
1783045980000,161.212,161.215,161.2,161.202
1783046040000,161.2,161.216,161.2,161.215
1783046100000,161.216,161.216,161.209,161.214
1783046160000,161.213,161.227,161.213,161.221
1783046220000,161.222,161.227,161.217,161.223
1783046280000,161.222,161.225,161.202,161.202
1783046340000,161.199,161.202,161.195,161.196
1783046400000,161.198,161.2,161.186,161.187
1783046460000,161.185,161.185,161.131,161.132
1783046520000,161.133,161.162,161.123,161.161
1783046580000,161.162,161.172,161.16,161.17
1783046640000,161.17,161.18,161.167,161.171
1783046700000,161.169,161.173,161.159,161.161
1783046760000,161.161,161.172,161.158,161.172
1783046820000,161.17,161.171,161.146,161.146
1783046880000,161.147,161.159,161.147,161.158
1783046940000,161.157,161.169,161.157,161.163
1783047000000,161.16,161.161,161.145,161.147
1783047060000,161.149,161.15,161.141,161.147
1783047120000,161.146,161.159,161.144,161.146
1783047180000,161.145,161.149,161.134,161.138
1783047240000,161.137,161.146,161.134,161.143
1783047300000,161.138,161.157,161.131,161.157
1783047360000,161.157,161.162,161.157,161.161
1783047420000,161.16,161.173,161.16,161.173
1783047480000,161.173,161.195,161.172,161.19
1783047540000,161.189,161.193,161.169,161.171
1783047600000,161.172,161.175,161.166,161.17
1783047660000,161.169,161.172,161.16,161.16
1783047720000,161.161,161.171,161.146,161.156
1783047780000,161.156,161.171,161.153,161.17
1783047840000,161.17,161.176,161.169,161.171
1783047900000,161.172,161.182,161.171,161.181
1783047960000,161.18,161.18,161.167,161.172
1783048020000,161.174,161.188,161.174,161.184
1783048080000,161.187,161.207,161.185,161.201
1783048140000,161.2,161.204,161.197,161.197
1783048200000,161.198,161.22,161.198,161.212
1783048260000,161.212,161.213,161.209,161.213
1783048320000,161.212,161.212,161.207,161.212
1783048380000,161.211,161.211,161.208,161.209
1783048440000,161.207,161.21,161.181,161.182
1783048500000,161.182,161.188,161.181,161.188
1783048560000,161.188,161.189,161.182,161.187
1783048620000,161.19,161.202,161.19,161.199
1783048680000,161.199,161.202,161.196,161.196
1783048740000,161.197,161.198,161.193,161.198
1783048800000,161.197,161.198,161.195,161.198
1783048860000,161.197,161.198,161.182,161.196
1783048920000,161.197,161.21,161.196,161.209
1783048980000,161.21,161.215,161.21,161.211
1783049040000,161.212,161.212,161.207,161.207
1783049100000,161.206,161.21,161.2,161.207
1783049160000,161.206,161.214,161.197,161.211
1783049220000,161.211,161.211,161.2,161.2
1783049280000,161.201,161.202,161.195,161.196
1783049340000,161.196,161.198,161.193,161.196
1783049400000,161.194,161.207,161.193,161.195
1783049460000,161.196,161.211,161.196,161.208
1783049520000,161.207,161.211,161.206,161.207
1783049580000,161.208,161.208,161.185,161.186
1783049640000,161.186,161.197,161.183,161.196
1783049700000,161.197,161.198,161.184,161.187
1783049760000,161.188,161.188,161.184,161.185
1783049820000,161.185,161.185,161.169,161.174
1783049880000,161.175,161.194,161.173,161.188
1783049940000,161.192,161.197,161.186,161.192
1783050000000,161.193,161.199,161.184,161.187
1783050060000,161.189,161.192,161.186,161.188
1783050120000,161.188,161.189,161.182,161.184
1783050180000,161.185,161.197,161.184,161.197
1783050240000,161.196,161.197,161.195,161.195
1783050300000,161.196,161.196,161.187,161.191
1783050360000,161.191,161.194,161.185,161.192
1783050420000,161.193,161.197,161.183,161.183
1783050480000,161.183,161.186,161.17,161.174
1783050540000,161.173,161.181,161.165,161.17
1783050600000,161.169,161.171,161.168,161.169
1783050660000,161.169,161.169,161.149,161.157
1783050720000,161.157,161.158,161.142,161.145
1783050780000,161.144,161.146,161.144,161.144
1783050840000,161.144,161.161,161.143,161.16
1783050900000,161.161,161.163,161.155,161.157
1783050960000,161.158,161.179,161.158,161.175
1783051020000,161.175,161.176,161.17,161.173
1783051080000,161.174,161.174,161.17,161.171
1783051140000,161.17,161.172,161.168,161.171
1783051200000,161.172,161.176,161.168,161.169
1783051260000,161.168,161.171,161.168,161.17
1783051320000,161.17,161.182,161.17,161.182
1783051380000,161.181,161.187,161.181,161.185
1783051440000,161.185,161.186,161.173,161.182
1783051500000,161.182,161.185,161.182,161.185
1783051560000,161.184,161.186,161.181,161.181
1783051620000,161.18,161.181,161.174,161.175
1783051680000,161.175,161.175,161.174,161.175
1783051740000,161.175,161.209,161.175,161.199
1783051800000,161.199,161.199,161.176,161.179
1783051860000,161.181,161.184,161.178,161.184
1783051920000,161.185,161.186,161.181,161.185
1783051980000,161.184,161.188,161.182,161.187
1783052040000,161.187,161.192,161.174,161.18
1783052100000,161.181,161.185,161.174,161.182
1783052160000,161.182,161.197,161.182,161.197
1783052220000,161.197,161.199,161.182,161.186
1783052280000,161.188,161.199,161.187,161.189
1783052340000,161.188,161.189,161.182,161.187
1783052400000,161.186,161.198,161.186,161.194
1783052460000,161.196,161.197,161.193,161.197
1783052520000,161.196,161.197,161.186,161.187
1783052580000,161.186,161.187,161.178,161.182
1783052640000,161.184,161.187,161.182,161.187
1783052700000,161.186,161.187,161.171,161.172
1783052760000,161.173,161.175,161.171,161.175
1783052820000,161.18,161.181,161.162,161.171
1783052880000,161.173,161.192,161.171,161.176
1783052940000,161.175,161.177,161.173,161.174
1783053000000,161.174,161.183,161.17,161.182
1783053060000,161.182,161.189,161.174,161.188
1783053120000,161.187,161.203,161.187,161.198
1783053180000,161.197,161.207,161.194,161.194
1783053240000,161.194,161.196,161.193,161.193
1783053300000,161.195,161.197,161.193,161.193
1783053360000,161.193,161.198,161.185,161.187
1783053420000,161.187,161.195,161.18,161.18
1783053480000,161.181,161.194,161.18,161.193
1783053540000,161.194,161.199,161.194,161.195
1783053600000,161.194,161.194,161.184,161.186
1783053660000,161.186,161.196,161.181,161.185
1783053720000,161.181,161.185,161.178,161.178
1783053780000,161.177,161.183,161.172,161.18
1783053840000,161.179,161.185,161.173,161.182
1783053900000,161.183,161.188,161.171,161.175
1783053960000,161.176,161.176,161.173,161.175
1783054020000,161.174,161.177,161.169,161.176
1783054080000,161.175,161.186,161.168,161.183
1783054140000,161.184,161.191,161.173,161.185
1783054200000,161.186,161.194,161.159,161.161
1783054260000,161.163,161.173,161.163,161.171
1783054320000,161.172,161.172,161.168,161.17
1783054380000,161.169,161.176,161.169,161.174
1783054440000,161.173,161.191,161.169,161.191
1783054500000,161.19,161.194,161.172,161.175
1783054560000,161.174,161.18,161.174,161.175
1783054620000,161.176,161.178,161.159,161.165
1783054680000,161.166,161.17,161.154,161.155
1783054740000,161.151,161.152,161.126,161.127
1783054800000,161.128,161.128,161.082,161.104
1783054860000,161.103,161.107,161.091,161.102
1783054920000,161.103,161.103,161.092,161.095
1783054980000,161.094,161.098,161.064,161.065
1783055040000,161.067,161.067,161.055,161.066
1783055100000,161.066,161.07,161.058,161.065
1783055160000,161.064,161.064,161.038,161.039
1783055220000,161.039,161.04,161.014,161.014
1783055280000,161.014,161.03,160.98,160.993
1783055340000,160.993,161.021,160.98,161.019
1783055400000,161.019,161.062,161.019,161.057
1783055460000,161.057,161.074,161.056,161.073
1783055520000,161.072,161.087,161.072,161.085
1783055580000,161.084,161.088,161.067,161.069
1783055640000,161.069,161.07,161.053,161.057
1783055700000,161.058,161.06,161.034,161.037
1783055760000,161.037,161.037,161.001,161.016
1783055820000,161.016,161.038,161.016,161.035
1783055880000,161.035,161.058,161.035,161.056
1783055940000,161.057,161.06,161.056,161.057
1783056000000,161.058,161.08,161.055,161.079
1783056060000,161.081,161.082,161.071,161.08
1783056120000,161.08,161.085,161.074,161.074
1783056180000,161.074,161.079,161.072,161.074
1783056240000,161.077,161.081,161.065,161.069
1783056300000,161.068,161.071,161.06,161.061
1783056360000,161.06,161.067,161.054,161.059
1783056420000,161.059,161.074,161.056,161.072
1783056480000,161.072,161.073,161.066,161.067
1783056540000,161.069,161.079,161.066,161.066
1783056600000,161.067,161.067,161.043,161.055
1783056660000,161.054,161.069,161.054,161.06
1783056720000,161.061,161.073,161.056,161.06
1783056780000,161.06,161.06,161.054,161.056
1783056840000,161.057,161.067,161.055,161.067
1783056900000,161.067,161.076,161.058,161.072
1783056960000,161.073,161.083,161.072,161.079
1783057020000,161.081,161.082,161.06,161.07
1783057080000,161.07,161.097,161.07,161.096
1783057140000,161.095,161.099,161.094,161.094
1783057200000,161.093,161.1,161.086,161.099
1783057260000,161.1,161.11,161.1,161.11
1783057320000,161.113,161.136,161.111,161.135
1783057380000,161.136,161.15,161.134,161.143
1783057440000,161.142,161.142,161.127,161.128
1783057500000,161.128,161.135,161.125,161.131
1783057560000,161.132,161.136,161.122,161.132
1783057620000,161.132,161.132,161.123,161.126
1783057680000,161.127,161.137,161.127,161.136
1783057740000,161.136,161.136,161.127,161.136
1783057800000,161.137,161.142,161.134,161.142
1783057860000,161.145,161.149,161.138,161.138
1783057920000,161.138,161.143,161.127,161.131
1783057980000,161.13,161.132,161.125,161.13
1783058040000,161.128,161.143,161.128,161.137
1783058100000,161.14,161.175,161.14,161.174
1783058160000,161.173,161.18,161.171,161.172
1783058220000,161.173,161.175,161.164,161.165
1783058280000,161.165,161.176,161.159,161.176
1783058340000,161.177,161.177,161.163,161.163
1783058400000,161.162,161.163,161.135,161.137
1783058460000,161.138,161.148,161.132,161.146
1783058520000,161.139,161.141,161.131,161.14
1783058580000,161.141,161.143,161.125,161.133
1783058640000,161.126,161.126,161.095,161.097
1783058700000,161.097,161.098,161.041,161.05
1783058760000,161.051,161.061,161.038,161.06
1783058820000,161.059,161.079,161.053,161.065
1783058880000,161.066,161.069,161.054,161.056
1783058940000,161.056,161.059,161.046,161.047
1783059000000,161.048,161.072,161.048,161.071
1783059060000,161.075,161.087,161.072,161.08
1783059120000,161.08,161.091,161.08,161.08
1783059180000,161.08,161.081,161.057,161.057
1783059240000,161.056,161.06,161.05,161.05
1783059300000,161.05,161.055,161.002,161.011
1783059360000,161.01,161.01,160.969,160.97
1783059420000,160.97,160.972,160.951,160.972
1783059480000,160.971,160.999,160.965,160.998
1783059540000,160.998,160.998,160.972,160.996
1783059600000,160.995,161.024,160.994,161.024
1783059660000,161.025,161.026,161.007,161.011
1783059720000,161.012,161.021,161.008,161.011
1783059780000,161.012,161.046,161.012,161.021
1783059840000,161.021,161.046,161.019,161.046
1783059900000,161.046,161.046,161.031,161.037
1783059960000,161.036,161.037,161,161.003
1783060020000,161.003,161.003,160.98,160.984
1783060080000,160.983,160.983,160.968,160.982
1783060140000,160.981,161.01,160.976,160.986
1783060200000,160.986,160.997,160.982,160.983
1783060260000,160.983,160.995,160.981,160.994
1783060320000,160.994,161.012,160.994,161.011
1783060380000,161.011,161.013,160.842,160.855
1783060440000,160.855,160.86,160.479,160.634
1783060500000,160.634,160.826,160.634,160.788
1783060560000,160.788,160.869,160.786,160.85
1783060620000,160.849,160.851,160.784,160.79
1783060680000,160.793,160.808,160.72,160.723
1783060740000,160.723,160.78,160.704,160.76
1783060800000,160.762,160.817,160.753,160.811
1783060860000,160.812,160.816,160.75,160.761
1783060920000,160.76,160.784,160.731,160.738
1783060980000,160.736,160.773,160.736,160.762
1783061040000,160.763,160.802,160.758,160.758
1783061100000,160.759,160.787,160.719,160.723
1783061160000,160.723,160.732,160.64,160.682
1783061220000,160.683,160.728,160.682,160.715
1783061280000,160.714,160.735,160.682,160.682
1783061340000,160.686,160.725,160.66,160.707
1783061400000,160.706,160.738,160.704,160.71
1783061460000,160.711,160.735,160.71,160.726
1783061520000,160.725,160.757,160.721,160.751
1783061580000,160.75,160.799,160.749,160.797
1783061640000,160.798,160.804,160.776,160.778
1783061700000,160.776,160.791,160.766,160.791
1783061760000,160.79,160.817,160.786,160.817
1783061820000,160.817,160.85,160.814,160.844
1783061880000,160.843,160.882,160.841,160.878
1783061940000,160.878,160.884,160.871,160.871
1783062000000,160.873,160.917,160.84,160.917
1783062060000,160.918,160.921,160.873,160.883
1783062120000,160.884,160.899,160.866,160.891
1783062180000,160.89,160.89,160.826,160.826
1783062240000,160.827,160.865,160.816,160.849
1783062300000,160.849,160.877,160.849,160.853
1783062360000,160.854,160.869,160.85,160.853
1783062420000,160.852,160.864,160.836,160.854
1783062480000,160.855,160.867,160.848,160.851
1783062540000,160.85,160.851,160.811,160.812
1783062600000,160.811,160.828,160.787,160.798
1783062660000,160.793,160.803,160.773,160.775
1783062720000,160.773,160.789,160.762,160.774
1783062780000,160.776,160.791,160.733,160.733
1783062840000,160.73,160.753,160.73,160.739
1783062900000,160.742,160.776,160.739,160.771
1783062960000,160.773,160.797,160.772,160.789
1783063020000,160.789,160.811,160.785,160.809
1783063080000,160.81,160.815,160.784,160.799
1783063140000,160.8,160.819,160.773,160.819
1783063200000,160.821,160.827,160.815,160.818
1783063260000,160.819,160.842,160.818,160.84
1783063320000,160.841,160.857,160.839,160.854
1783063380000,160.852,160.869,160.842,160.842
1783063440000,160.841,160.847,160.816,160.817
1783063500000,160.821,160.83,160.774,160.776
1783063560000,160.775,160.78,160.75,160.755
1783063620000,160.756,160.762,160.724,160.728
1783063680000,160.728,160.752,160.714,160.726
1783063740000,160.727,160.764,160.722,160.744
1783063800000,160.747,160.816,160.739,160.809
1783063860000,160.807,160.869,160.807,160.867
1783063920000,160.868,160.876,160.845,160.845
1783063980000,160.843,160.867,160.843,160.867
1783064040000,160.867,160.901,160.864,160.89
1783064100000,160.892,160.901,160.875,160.891
1783064160000,160.891,160.92,160.888,160.911
1783064220000,160.912,160.934,160.9,160.934
1783064280000,160.938,160.983,160.938,160.98
1783064340000,160.981,160.983,160.966,160.983
1783064400000,160.982,160.996,160.972,160.974
1783064460000,160.975,160.976,160.94,160.942
1783064520000,160.944,160.951,160.927,160.927
1783064580000,160.927,160.927,160.892,160.898
1783064640000,160.904,160.921,160.896,160.913
1783064700000,160.913,160.945,160.912,160.945
1783064760000,160.947,160.948,160.931,160.941
1783064820000,160.942,160.947,160.927,160.93
1783064880000,160.927,160.934,160.915,160.917
1783064940000,160.916,160.922,160.904,160.918
1783065000000,160.919,160.919,160.874,160.881
1783065060000,160.884,160.894,160.876,160.894
1783065120000,160.891,160.891,160.815,160.817
1783065180000,160.819,160.851,160.757,160.79
1783065240000,160.792,160.806,160.751,160.776
1783065300000,160.775,160.811,160.752,160.787
1783065360000,160.789,160.809,160.753,160.787
1783065420000,160.788,160.8,160.761,160.788
1783065480000,160.788,160.803,160.787,160.803
1783065540000,160.801,160.804,160.761,160.8
1783065600000,160.801,160.807,160.773,160.807
1783065660000,160.806,160.81,160.799,160.8
1783065720000,160.801,160.855,160.801,160.817
1783065780000,160.821,160.845,160.821,160.841
1783065840000,160.841,160.868,160.84,160.861
1783065900000,160.86,160.87,160.859,160.868
1783065960000,160.868,160.869,160.838,160.841
1783066020000,160.841,160.852,160.822,160.83
1783066080000,160.83,160.851,160.827,160.841
1783066140000,160.84,160.854,160.836,160.849
1783066200000,160.85,160.882,160.85,160.882
1783066260000,160.881,160.904,160.878,160.878
1783066320000,160.879,160.89,160.867,160.868
1783066380000,160.868,160.892,160.868,160.876
1783066440000,160.876,160.879,160.854,160.86
1783066500000,160.857,160.889,160.857,160.885
1783066560000,160.886,160.892,160.879,160.889
1783066620000,160.889,160.892,160.871,160.873
1783066680000,160.871,160.876,160.867,160.867
1783066740000,160.869,160.891,160.869,160.891
1783066800000,160.893,160.893,160.87,160.872
1783066860000,160.873,160.882,160.866,160.88
1783066920000,160.88,160.896,160.877,160.889
1783066980000,160.887,160.893,160.879,160.882
1783067040000,160.883,160.891,160.878,160.89
1783067100000,160.892,160.892,160.883,160.883
1783067160000,160.881,160.894,160.875,160.875
1783067220000,160.873,160.873,160.859,160.865
1783067280000,160.864,160.87,160.822,160.87
1783067340000,160.87,160.87,160.858,160.862
1783067400000,160.865,160.914,160.865,160.912
1783067460000,160.913,160.934,160.908,160.931
1783067520000,160.93,160.932,160.907,160.907
1783067580000,160.903,160.912,160.895,160.895
1783067640000,160.893,160.907,160.893,160.9
1783067700000,160.9,160.9,160.893,160.895
1783067760000,160.895,160.895,160.866,160.88
1783067820000,160.881,160.896,160.879,160.896
1783067880000,160.893,160.918,160.893,160.916
1783067940000,160.915,160.934,160.915,160.934
1783068000000,160.934,160.94,160.914,160.914
1783068060000,160.914,160.925,160.914,160.92
1783068120000,160.921,160.922,160.915,160.917
1783068180000,160.915,160.915,160.908,160.913
1783068240000,160.916,160.935,160.915,160.923
1783068300000,160.922,160.931,160.921,160.93
1783068360000,160.934,160.955,160.932,160.951
1783068420000,160.951,160.954,160.939,160.95
1783068480000,160.953,160.954,160.944,160.945
1783068540000,160.946,160.954,160.944,160.953
1783068600000,160.953,160.976,160.953,160.974
1783068660000,160.975,160.999,160.975,160.997
1783068720000,160.995,160.995,160.972,160.973
1783068780000,160.971,160.983,160.971,160.983
1783068840000,160.982,160.989,160.981,160.985
1783068900000,160.984,160.991,160.983,160.983
1783068960000,160.984,160.995,160.982,160.988
1783069020000,160.989,161.024,160.989,161.021
1783069080000,161.02,161.024,161.02,161.023
1783069140000,161.024,161.037,161.023,161.035
1783069200000,161.034,161.066,161.034,161.048
1783069260000,161.049,161.067,161.045,161.064
1783069320000,161.064,161.064,161.037,161.037
1783069380000,161.036,161.036,161.024,161.036
1783069440000,161.037,161.052,161.036,161.052
1783069500000,161.051,161.057,161.032,161.034
1783069560000,161.036,161.043,161.035,161.037
1783069620000,161.037,161.043,161.027,161.03
1783069680000,161.029,161.029,161.003,161.01
1783069740000,161.011,161.021,160.998,161.018
1783069800000,161.018,161.025,161.014,161.014
1783069860000,161.007,161.008,161.004,161.005
1783069920000,161.004,161.012,161.003,161.006
1783069980000,161.005,161.005,160.993,160.994
1783070040000,160.994,160.997,160.965,160.967
1783070100000,160.967,160.98,160.967,160.968
1783070160000,160.968,160.979,160.964,160.977
1783070220000,160.979,160.979,160.966,160.966
1783070280000,160.967,160.981,160.967,160.981
1783070340000,160.982,160.993,160.979,160.98
1783070400000,160.981,160.992,160.978,160.992
1783070460000,160.994,160.994,160.981,160.986
1783070520000,160.988,161.004,160.988,161.004
1783070580000,161.005,161.009,161.004,161.008
1783070640000,161.006,161.01,161.004,161.007
1783070700000,161.014,161.037,161.009,161.037
1783070760000,161.035,161.035,161.022,161.029
1783070820000,161.03,161.04,161.028,161.035
1783070880000,161.035,161.052,161.034,161.052
1783070940000,161.052,161.061,161.046,161.047
1783071000000,161.046,161.046,161.036,161.045
1783071060000,161.046,161.047,161.043,161.046
1783071120000,161.047,161.047,161.037,161.037
1783071180000,161.038,161.038,161.036,161.036
1783071240000,161.037,161.038,161.034,161.034
1783071300000,161.034,161.037,161.025,161.037
1783071360000,161.036,161.036,161.029,161.032
1783071420000,161.031,161.031,161.021,161.03
1783071480000,161.034,161.034,161.02,161.02
1783071540000,161.021,161.031,161.02,161.021
1783071600000,161.022,161.022,161.017,161.019
1783071660000,161.021,161.026,161.021,161.026
1783071720000,161.028,161.037,161.026,161.035
1783071780000,161.035,161.035,161.031,161.031
1783071840000,161.032,161.035,161.031,161.034
1783071900000,161.034,161.053,161.034,161.048
1783071960000,161.048,161.048,161.046,161.046
1783072020000,161.044,161.044,161.032,161.036
1783072080000,161.036,161.047,161.036,161.043
1783072140000,161.045,161.049,161.043,161.049
1783072200000,161.048,161.084,161.047,161.083
1783072260000,161.083,161.084,161.069,161.071
1783072320000,161.072,161.084,161.068,161.081
1783072380000,161.082,161.084,161.077,161.081
1783072440000,161.082,161.086,161.08,161.08
1783072500000,161.081,161.081,161.07,161.075
1783072560000,161.077,161.101,161.073,161.096
1783072620000,161.097,161.121,161.096,161.12
1783072680000,161.121,161.122,161.11,161.12
1783072740000,161.119,161.127,161.117,161.124
1783072800000,161.125,161.132,161.121,161.127
1783072860000,161.127,161.13,161.12,161.127
1783072920000,161.125,161.138,161.125,161.138
1783072980000,161.137,161.16,161.133,161.152
1783073040000,161.152,161.166,161.143,161.154
1783073100000,161.155,161.155,161.145,161.146
1783073160000,161.149,161.161,161.14,161.155
1783073220000,161.16,161.165,161.158,161.163
1783073280000,161.161,161.165,161.143,161.143
1783073340000,161.141,161.141,161.111,161.119
1783073400000,161.12,161.12,161.106,161.108
1783073460000,161.109,161.117,161.108,161.114
1783073520000,161.115,161.131,161.109,161.127
1783073580000,161.126,161.129,161.125,161.127
1783073640000,161.128,161.13,161.125,161.127
1783073700000,161.123,161.134,161.115,161.131
1783073760000,161.129,161.135,161.125,161.134
1783073820000,161.133,161.135,161.13,161.132
1783073880000,161.131,161.136,161.126,161.134
1783073940000,161.135,161.137,161.13,161.134
1783074000000,161.133,161.134,161.126,161.127
1783074060000,161.129,161.129,161.109,161.112
1783074120000,161.113,161.124,161.111,161.112
1783074180000,161.114,161.122,161.114,161.122
1783074240000,161.124,161.126,161.122,161.122
1783074300000,161.123,161.137,161.123,161.132
1783074360000,161.13,161.138,161.13,161.138
1783074420000,161.136,161.136,161.127,161.133
1783074480000,161.135,161.137,161.122,161.122
1783074540000,161.123,161.127,161.123,161.126
1783074600000,161.131,161.143,161.131,161.136
1783074660000,161.134,161.139,161.132,161.133
1783074720000,161.134,161.136,161.133,161.134
1783074780000,161.136,161.137,161.131,161.137
1783074840000,161.137,161.139,161.126,161.135
1783074900000,161.135,161.136,161.132,161.134
1783074960000,161.133,161.139,161.118,161.137
1783075020000,161.137,161.151,161.137,161.15
1783075080000,161.15,161.156,161.145,161.146
1783075140000,161.147,161.147,161.125,161.126
1783075200000,161.126,161.134,161.124,161.134
1783075260000,161.135,161.142,161.132,161.14
1783075320000,161.141,161.141,161.134,161.134
1783075380000,161.134,161.134,161.121,161.124
1783075440000,161.126,161.139,161.125,161.136
1783075500000,161.134,161.134,161.12,161.121
1783075560000,161.121,161.124,161.12,161.121
1783075620000,161.122,161.123,161.119,161.123
1783075680000,161.123,161.123,161.12,161.12
1783075740000,161.12,161.121,161.105,161.105
1783075800000,161.106,161.109,161.106,161.108
1783075860000,161.106,161.114,161.106,161.107
1783075920000,161.105,161.113,161.102,161.11
1783075980000,161.11,161.119,161.098,161.098
1783076040000,161.099,161.104,161.093,161.098
1783076100000,161.099,161.1,161.084,161.086
1783076160000,161.086,161.099,161.086,161.098
1783076220000,161.097,161.098,161.095,161.096
1783076280000,161.094,161.094,161.081,161.081
1783076340000,161.08,161.095,161.073,161.095
1783076400000,161.109,161.129,161.106,161.107
1783076460000,161.106,161.107,161.091,161.093
1783076520000,161.096,161.115,161.093,161.109
1783076580000,161.109,161.127,161.109,161.114
1783076640000,161.115,161.123,161.107,161.109
1783076700000,161.109,161.109,161.099,161.1
1783076760000,161.099,161.105,161.087,161.094
1783076820000,161.095,161.106,161.095,161.098
1783076880000,161.098,161.099,161.097,161.097
1783076940000,161.097,161.097,161.084,161.084
1783077000000,161.086,161.09,161.069,161.073
1783077060000,161.073,161.074,161.072,161.073
1783077120000,161.073,161.073,161.057,161.057
1783077180000,161.056,161.068,161.056,161.062
1783077240000,161.068,161.081,161.065,161.068
1783077300000,161.069,161.08,161.068,161.075
1783077360000,161.076,161.083,161.074,161.083
1783077420000,161.081,161.082,161.071,161.072
1783077480000,161.073,161.088,161.073,161.084
1783077540000,161.085,161.087,161.071,161.071
1783077600000,161.07,161.078,161.07,161.074
1783077660000,161.074,161.082,161.074,161.081
1783077720000,161.082,161.082,161.07,161.073
1783077780000,161.072,161.074,161.072,161.073
1783077840000,161.072,161.073,161.06,161.069
1783077900000,161.07,161.077,161.07,161.074
1783077960000,161.074,161.09,161.074,161.087
1783078020000,161.088,161.099,161.088,161.099
1783078080000,161.098,161.099,161.087,161.094
1783078140000,161.093,161.102,161.093,161.1
1783078200000,161.101,161.111,161.1,161.111
1783078260000,161.118,161.13,161.118,161.12
1783078320000,161.121,161.124,161.12,161.124
1783078380000,161.124,161.132,161.124,161.129
1783078440000,161.128,161.137,161.128,161.135
1783078500000,161.133,161.136,161.132,161.136
1783078560000,161.136,161.139,161.132,161.133
1783078620000,161.135,161.135,161.122,161.123
1783078680000,161.124,161.125,161.121,161.124
1783078740000,161.124,161.124,161.106,161.123
1783078800000,161.124,161.134,161.123,161.132
1783078860000,161.133,161.135,161.13,161.132
1783078920000,161.132,161.135,161.131,161.135
1783078980000,161.134,161.134,161.131,161.134
1783079040000,161.134,161.142,161.132,161.133
1783079100000,161.132,161.148,161.123,161.136
1783079160000,161.136,161.144,161.135,161.144
1783079220000,161.147,161.158,161.145,161.157
1783079280000,161.158,161.158,161.147,161.15
1783079340000,161.15,161.15,161.139,161.146
1783079400000,161.145,161.145,161.132,161.134
1783079460000,161.134,161.14,161.134,161.138
1783079520000,161.14,161.151,161.137,161.148
1783079580000,161.148,161.148,161.142,161.145
1783079640000,161.144,161.148,161.122,161.128
1783079700000,161.128,161.128,161.108,161.123
1783079760000,161.124,161.14,161.123,161.137
1783079820000,161.135,161.149,161.132,161.138
1783079880000,161.138,161.143,161.13,161.134
1783079940000,161.136,161.136,161.117,161.118
1783080000000,161.117,161.132,161.103,161.132
1783080060000,161.134,161.135,161.12,161.12
1783080120000,161.121,161.126,161.113,161.125
1783080180000,161.125,161.137,161.123,161.137
1783080240000,161.135,161.135,161.126,161.134
1783080300000,161.135,161.149,161.13,161.147
1783080360000,161.147,161.147,161.125,161.126
1783080420000,161.132,161.133,161.121,161.121
1783080480000,161.122,161.13,161.122,161.13
1783080540000,161.128,161.143,161.126,161.141
1783080600000,161.143,161.146,161.125,161.127
1783080660000,161.128,161.142,161.128,161.14
1783080720000,161.139,161.139,161.128,161.134
1783080780000,161.133,161.133,161.125,161.127
1783080840000,161.127,161.137,161.127,161.137
1783080900000,161.135,161.139,161.132,161.132
1783080960000,161.133,161.137,161.132,161.135
1783081020000,161.134,161.145,161.134,161.137
1783081080000,161.138,161.144,161.136,161.139
1783081140000,161.139,161.146,161.136,161.146
1783081200000,161.146,161.147,161.138,161.145
1783081260000,161.146,161.151,161.144,161.149
1783081320000,161.149,161.15,161.144,161.146
1783081380000,161.147,161.148,161.139,161.146
1783081440000,161.146,161.148,161.146,161.147
1783081500000,161.147,161.15,161.142,161.144
1783081560000,161.144,161.145,161.13,161.133
1783081620000,161.133,161.134,161.132,161.134
1783081680000,161.136,161.142,161.133,161.136
1783081740000,161.135,161.135,161.127,161.129
1783081800000,161.128,161.132,161.12,161.122
1783081860000,161.121,161.132,161.121,161.131
1783081920000,161.131,161.139,161.129,161.138
1783081980000,161.142,161.143,161.133,161.133
1783082040000,161.132,161.133,161.122,161.129
1783082100000,161.129,161.138,161.129,161.133
1783082160000,161.133,161.138,161.132,161.136
1783082220000,161.136,161.136,161.131,161.133
1783082280000,161.132,161.134,161.124,161.125
1783082340000,161.125,161.126,161.118,161.118
1783082400000,161.119,161.12,161.109,161.117
1783082460000,161.117,161.122,161.115,161.117
1783082520000,161.117,161.13,161.115,161.13
1783082580000,161.131,161.134,161.129,161.131
1783082640000,161.133,161.134,161.132,161.132
1783082700000,161.132,161.135,161.13,161.131
1783082760000,161.131,161.133,161.11,161.11
1783082820000,161.11,161.123,161.11,161.123
1783082880000,161.125,161.13,161.123,161.127
1783082940000,161.127,161.133,161.125,161.126
1783083000000,161.125,161.126,161.122,161.125
1783083060000,161.126,161.127,161.125,161.126
1783083120000,161.124,161.129,161.124,161.129
1783083180000,161.131,161.139,161.131,161.132
1783083240000,161.134,161.135,161.125,161.126
1783083300000,161.127,161.136,161.127,161.135
1783083360000,161.136,161.147,161.136,161.137
1783083420000,161.136,161.15,161.136,161.148
1783083480000,161.148,161.163,161.148,161.162
1783083540000,161.162,161.17,161.158,161.169
1783083600000,161.169,161.197,161.167,161.194
1783083660000,161.195,161.195,161.189,161.191
1783083720000,161.19,161.192,161.179,161.18
1783083780000,161.181,161.187,161.175,161.187
1783083840000,161.186,161.195,161.185,161.195
1783083900000,161.194,161.212,161.194,161.201
1783083960000,161.206,161.238,161.206,161.229
1783084020000,161.229,161.238,161.229,161.229
1783084080000,161.228,161.228,161.216,161.226
1783084140000,161.225,161.23,161.223,161.229
1783084200000,161.229,161.24,161.229,161.232
1783084260000,161.232,161.244,161.232,161.242
1783084320000,161.241,161.273,161.241,161.26
1783084380000,161.26,161.26,161.242,161.243
1783084440000,161.242,161.25,161.235,161.249
1783084500000,161.25,161.257,161.243,161.245
1783084560000,161.245,161.251,161.24,161.241
1783084620000,161.24,161.254,161.238,161.252
1783084680000,161.252,161.254,161.242,161.25
1783084740000,161.249,161.255,161.241,161.241
1783084800000,161.24,161.241,161.227,161.228
1783084860000,161.229,161.235,161.225,161.233
1783084920000,161.232,161.239,161.225,161.235
1783084980000,161.235,161.254,161.23,161.24
1783085040000,161.241,161.245,161.234,161.234
1783085100000,161.235,161.238,161.215,161.216
1783085160000,161.215,161.221,161.21,161.215
1783085220000,161.215,161.215,161.197,161.198
1783085280000,161.193,161.212,161.193,161.211
1783085340000,161.21,161.211,161.201,161.208
1783085400000,161.209,161.248,161.209,161.246
1783085460000,161.25,161.25,161.235,161.241
1783085520000,161.24,161.249,161.24,161.245
1783085580000,161.246,161.253,161.245,161.247
1783085640000,161.247,161.248,161.236,161.241
1783085700000,161.239,161.239,161.236,161.236
1783085760000,161.235,161.235,161.227,161.235
1783085820000,161.235,161.238,161.23,161.237
1783085880000,161.236,161.24,161.233,161.24
1783085940000,161.238,161.247,161.236,161.243
1783086000000,161.243,161.243,161.237,161.24
1783086060000,161.241,161.253,161.241,161.249
1783086120000,161.249,161.253,161.244,161.246
1783086180000,161.247,161.252,161.242,161.249
1783086240000,161.248,161.248,161.238,161.248
1783086300000,161.249,161.251,161.244,161.249
1783086360000,161.249,161.252,161.244,161.244
1783086420000,161.244,161.249,161.238,161.243
1783086480000,161.243,161.246,161.24,161.244
1783086540000,161.244,161.244,161.242,161.244
1783086600000,161.245,161.248,161.244,161.245
1783086660000,161.246,161.247,161.235,161.24
1783086720000,161.24,161.245,161.232,161.244
1783086780000,161.243,161.252,161.242,161.251
1783086840000,161.251,161.269,161.25,161.267
1783086900000,161.267,161.267,161.245,161.254
1783086960000,161.254,161.255,161.248,161.249
1783087020000,161.249,161.265,161.247,161.265
1783087080000,161.265,161.267,161.26,161.261
1783087140000,161.26,161.264,161.252,161.253
1783087200000,161.252,161.267,161.252,161.261
1783087260000,161.261,161.269,161.256,161.267
1783087320000,161.266,161.273,161.265,161.267
1783087380000,161.271,161.276,161.266,161.268
1783087440000,161.269,161.277,161.262,161.27
1783087500000,161.268,161.268,161.253,161.26
1783087560000,161.261,161.265,161.256,161.262
1783087620000,161.259,161.264,161.252,161.26
1783087680000,161.26,161.261,161.253,161.255
1783087740000,161.258,161.258,161.245,161.246
1783087800000,161.246,161.246,161.238,161.243
1783087860000,161.241,161.241,161.231,161.231
1783087920000,161.233,161.244,161.233,161.238
1783087980000,161.237,161.252,161.236,161.25
1783088040000,161.25,161.254,161.244,161.244
1783088100000,161.245,161.249,161.239,161.241
1783088160000,161.241,161.244,161.239,161.242
1783088220000,161.241,161.242,161.23,161.23
1783088280000,161.23,161.235,161.229,161.231
1783088340000,161.23,161.239,161.23,161.237
1783088400000,161.239,161.242,161.232,161.232
1783088460000,161.233,161.233,161.221,161.221
1783088520000,161.22,161.228,161.214,161.227
1783088580000,161.227,161.24,161.226,161.228
1783088640000,161.229,161.234,161.225,161.228
1783088700000,161.229,161.23,161.224,161.224
1783088760000,161.225,161.228,161.218,161.218
1783088820000,161.218,161.224,161.212,161.212
1783088880000,161.211,161.22,161.209,161.22
1783088940000,161.22,161.22,161.216,161.219
1783089000000,161.217,161.219,161.205,161.219
1783089060000,161.22,161.229,161.219,161.227
1783089120000,161.225,161.227,161.224,161.224
1783089180000,161.224,161.226,161.214,161.225
1783089240000,161.226,161.227,161.22,161.223
1783089300000,161.224,161.226,161.222,161.225
1783089360000,161.224,161.226,161.221,161.225
1783089420000,161.224,161.24,161.224,161.239
1783089480000,161.24,161.243,161.238,161.241
1783089540000,161.24,161.242,161.235,161.236
1783089600000,161.237,161.239,161.231,161.231
1783089660000,161.231,161.232,161.23,161.231
1783089720000,161.232,161.247,161.231,161.242
1783089780000,161.243,161.243,161.23,161.232
1783089840000,161.23,161.24,161.23,161.24
1783089900000,161.24,161.241,161.236,161.236
1783089960000,161.232,161.238,161.229,161.237
1783090020000,161.236,161.237,161.227,161.229
1783090080000,161.229,161.229,161.222,161.229
1783090140000,161.228,161.23,161.226,161.229
1783090200000,161.23,161.233,161.227,161.232
1783090260000,161.231,161.237,161.229,161.237
1783090320000,161.238,161.239,161.235,161.238
1783090380000,161.236,161.239,161.225,161.238
1783090440000,161.236,161.238,161.234,161.236
1783090500000,161.237,161.244,161.237,161.243
1783090560000,161.244,161.249,161.238,161.248
1783090620000,161.249,161.28,161.249,161.276
1783090680000,161.275,161.281,161.269,161.269
1783090740000,161.269,161.291,161.269,161.29
1783090800000,161.291,161.293,161.28,161.283
1783090860000,161.284,161.289,161.275,161.275
1783090920000,161.275,161.293,161.274,161.292
1783090980000,161.294,161.318,161.292,161.312
1783091040000,161.313,161.342,161.313,161.336
1783091100000,161.335,161.338,161.326,161.338
1783091160000,161.339,161.339,161.315,161.315
1783091220000,161.314,161.331,161.312,161.314
1783091280000,161.315,161.315,161.306,161.308
1783091340000,161.31,161.31,161.292,161.299
1783091400000,161.299,161.302,161.284,161.286
1783091460000,161.288,161.293,161.285,161.288
1783091520000,161.289,161.305,161.288,161.299
1783091580000,161.3,161.301,161.293,161.295
1783091640000,161.295,161.296,161.293,161.293
1783091700000,161.294,161.302,161.282,161.282
1783091760000,161.284,161.29,161.278,161.288
1783091820000,161.289,161.289,161.269,161.275
1783091880000,161.274,161.291,161.274,161.291
1783091940000,161.293,161.3,161.29,161.3
1783092000000,161.299,161.316,161.299,161.312
1783092060000,161.313,161.314,161.312,161.314
1783092120000,161.312,161.315,161.311,161.314
1783092180000,161.313,161.314,161.312,161.312
1783092240000,161.313,161.316,161.303,161.305
1783092300000,161.306,161.316,161.304,161.315
1783092360000,161.315,161.315,161.302,161.305
1783092420000,161.303,161.304,161.285,161.3
1783092480000,161.299,161.3,161.288,161.289
1783092540000,161.289,161.289,161.277,161.279
1783092600000,161.278,161.283,161.276,161.28
1783092660000,161.278,161.287,161.278,161.281
1783092720000,161.284,161.304,161.284,161.297
1783092780000,161.293,161.306,161.289,161.303
1783092840000,161.302,161.302,161.3,161.301
1783092900000,161.302,161.302,161.292,161.292
1783092960000,161.291,161.292,161.288,161.288
1783093020000,161.288,161.299,161.288,161.298
1783093080000,161.294,161.3,161.293,161.3
1783093140000,161.301,161.303,161.299,161.303
1783093200000,161.303,161.303,161.299,161.302
1783093260000,161.302,161.302,161.298,161.299
1783093320000,161.295,161.295,161.287,161.287
1783093380000,161.287,161.298,161.287,161.293
1783093440000,161.298,161.302,161.297,161.302
1783093500000,161.302,161.302,161.297,161.298
1783093560000,161.296,161.3,161.289,161.289
1783093620000,161.289,161.29,161.289,161.29
1783093680000,161.289,161.299,161.289,161.293
1783093740000,161.292,161.297,161.292,161.292
1783093800000,161.294,161.299,161.294,161.299
1783093860000,161.299,161.3,161.293,161.299
1783093920000,161.3,161.308,161.3,161.305
1783093980000,161.305,161.305,161.303,161.303
1783094040000,161.303,161.306,161.3,161.301
1783094100000,161.302,161.319,161.302,161.318
1783094160000,161.317,161.329,161.317,161.325
1783094220000,161.326,161.328,161.315,161.319
1783094280000,161.318,161.326,161.318,161.324
1783094340000,161.325,161.325,161.314,161.318
1783094400000,161.318,161.319,161.314,161.315
1783094460000,161.314,161.314,161.303,161.311
1783094520000,161.311,161.313,161.306,161.312
1783094580000,161.314,161.328,161.306,161.327
1783094640000,161.326,161.328,161.32,161.324
1783094700000,161.325,161.33,161.325,161.33
1783094760000,161.331,161.337,161.329,161.329
1783094820000,161.328,161.329,161.325,161.327
1783094880000,161.326,161.328,161.324,161.327
1783094940000,161.327,161.333,161.313,161.315
1783095000000,161.315,161.316,161.312,161.312
1783095060000,161.313,161.327,161.313,161.326
1783095120000,161.326,161.326,161.324,161.326
1783095180000,161.326,161.338,161.326,161.338
1783095240000,161.338,161.338,161.332,161.338
1783095300000,161.337,161.337,161.337,161.337
1783095360000,161.338,161.339,161.336,161.339
1783095420000,161.34,161.346,161.34,161.345
1783095480000,161.346,161.364,161.345,161.346
1783095540000,161.345,161.345,161.343,161.344
1783095600000,161.344,161.344,161.34,161.342
1783095660000,161.343,161.354,161.341,161.354
1783095720000,161.353,161.354,161.346,161.354
1783095780000,161.353,161.353,161.343,161.344
1783095840000,161.343,161.355,161.342,161.355
1783095900000,161.355,161.356,161.354,161.354
1783095960000,161.359,161.359,161.355,161.356
1783096020000,161.355,161.357,161.352,161.356
1783096080000,161.355,161.36,161.355,161.358
1783096140000,161.362,161.363,161.352,161.358
1783096200000,161.358,161.366,161.357,161.366
1783096260000,161.366,161.366,161.356,161.363
1783096320000,161.362,161.37,161.361,161.369
1783096380000,161.367,161.37,161.366,161.367
1783096440000,161.368,161.373,161.367,161.368
1783096500000,161.369,161.379,161.368,161.373
1783096560000,161.372,161.392,161.372,161.391
1783096620000,161.391,161.392,161.386,161.386
1783096680000,161.389,161.39,161.379,161.381
1783096740000,161.382,161.383,161.38,161.38
1783096800000,161.379,161.381,161.379,161.38
1783096860000,161.381,161.381,161.378,161.379
1783096920000,161.378,161.385,161.378,161.38
1783096980000,161.379,161.385,161.379,161.385
1783097040000,161.388,161.39,161.385,161.387
1783097100000,161.388,161.388,161.38,161.38
1783097160000,161.381,161.381,161.377,161.377
1783097220000,161.377,161.377,161.37,161.372
1783097280000,161.372,161.372,161.364,161.364
1783097340000,161.366,161.368,161.364,161.366
1783097400000,161.366,161.366,161.357,161.365
1783097460000,161.364,161.368,161.363,161.365
1783097520000,161.363,161.366,161.355,161.357
1783097580000,161.357,161.364,161.353,161.354
1783097640000,161.354,161.356,161.353,161.354
1783097700000,161.355,161.357,161.354,161.355
1783097760000,161.353,161.354,161.345,161.349
1783097820000,161.348,161.351,161.342,161.342
1783097880000,161.341,161.352,161.341,161.35
1783097940000,161.351,161.351,161.342,161.346
1783098000000,161.347,161.348,161.298,161.319
1783098060000,161.319,161.337,161.315,161.334
1783098120000,161.334,161.335,161.326,161.331
1783098180000,161.331,161.336,161.329,161.336
1783098240000,161.338,161.34,161.336,161.34
1783098300000,161.339,161.339,161.334,161.336
1783098360000,161.336,161.338,161.327,161.33
1783098420000,161.33,161.338,161.33,161.334
1783098480000,161.335,161.339,161.332,161.339
1783098540000,161.34,161.352,161.339,161.348
1783098600000,161.348,161.352,161.345,161.35
1783098660000,161.349,161.356,161.348,161.355
1783098720000,161.354,161.355,161.35,161.353
1783098780000,161.353,161.354,161.337,161.34
1783098840000,161.341,161.341,161.335,161.338
1783098900000,161.337,161.345,161.333,161.334
1783098960000,161.334,161.34,161.328,161.328
1783099020000,161.329,161.329,161.32,161.322
1783099080000,161.323,161.323,161.312,161.319
1783099140000,161.319,161.324,161.317,161.32
1783099200000,161.319,161.329,161.319,161.328
1783099260000,161.327,161.333,161.327,161.33
1783099320000,161.329,161.332,161.325,161.327
1783099380000,161.328,161.33,161.326,161.33
1783099440000,161.329,161.332,161.324,161.33
1783099500000,161.33,161.332,161.326,161.328
1783099560000,161.326,161.33,161.312,161.32
1783099620000,161.318,161.321,161.316,161.321
1783099680000,161.322,161.322,161.317,161.318
1783099740000,161.319,161.323,161.314,161.316
1783099800000,161.316,161.321,161.313,161.319
1783099860000,161.32,161.329,161.317,161.328
1783099920000,161.329,161.333,161.324,161.33
1783099980000,161.33,161.331,161.325,161.327
1783100040000,161.327,161.327,161.321,161.324
1783100100000,161.324,161.325,161.319,161.321
1783100160000,161.321,161.329,161.321,161.329
1783100220000,161.328,161.329,161.293,161.294
1783100280000,161.296,161.296,161.279,161.284
1783100340000,161.283,161.292,161.283,161.292
1783100400000,161.293,161.301,161.289,161.301
1783100460000,161.301,161.303,161.299,161.3
1783100520000,161.3,161.306,161.3,161.303
1783100580000,161.304,161.305,161.3,161.304
1783100640000,161.303,161.306,161.302,161.305
1783100700000,161.306,161.307,161.299,161.3
1783100760000,161.3,161.3,161.29,161.293
1783100820000,161.292,161.295,161.283,161.288
1783100880000,161.288,161.3,161.286,161.293
1783100940000,161.291,161.295,161.29,161.291
1783101000000,161.291,161.299,161.289,161.292
1783101060000,161.293,161.296,161.29,161.293
1783101120000,161.295,161.299,161.291,161.293
1783101180000,161.293,161.294,161.287,161.291
1783101240000,161.292,161.293,161.289,161.293
1783101300000,161.292,161.294,161.281,161.286
1783101360000,161.286,161.298,161.284,161.297
1783101420000,161.297,161.305,161.295,161.305
1783101480000,161.305,161.306,161.302,161.302
1783101540000,161.304,161.306,161.3,161.305
1783101600000,161.301,161.305,161.291,161.294
1783101660000,161.294,161.297,161.289,161.295
1783101720000,161.295,161.306,161.293,161.304
1783101780000,161.304,161.308,161.304,161.307
1783101840000,161.307,161.313,161.305,161.312
1783101900000,161.313,161.328,161.312,161.324
1783101960000,161.324,161.326,161.316,161.318
1783102020000,161.32,161.321,161.317,161.32
1783102080000,161.321,161.328,161.319,161.323
1783102140000,161.324,161.326,161.32,161.324
1783102200000,161.325,161.329,161.325,161.328
1783102260000,161.327,161.328,161.321,161.323
1783102320000,161.324,161.337,161.324,161.329
1783102380000,161.328,161.329,161.321,161.324
1783102440000,161.324,161.325,161.322,161.323
1783102500000,161.322,161.329,161.321,161.327
1783102560000,161.327,161.331,161.326,161.328
1783102620000,161.328,161.336,161.326,161.332
1783102680000,161.333,161.334,161.329,161.334
1783102740000,161.335,161.336,161.327,161.33
1783102800000,161.329,161.329,161.314,161.322
1783102860000,161.322,161.33,161.322,161.328
1783102920000,161.327,161.328,161.326,161.326
1783102980000,161.326,161.327,161.326,161.326
1783103040000,161.327,161.327,161.325,161.326
1783103100000,161.325,161.328,161.325,161.327
1783103160000,161.326,161.328,161.323,161.323
1783103220000,161.323,161.324,161.318,161.322
1783103280000,161.321,161.323,161.321,161.323
1783103340000,161.324,161.325,161.322,161.325
1783103400000,161.324,161.327,161.321,161.323
1783103460000,161.322,161.325,161.32,161.322
1783103520000,161.322,161.326,161.321,161.325
1783103580000,161.326,161.326,161.322,161.323
1783103640000,161.324,161.324,161.32,161.322
1783103700000,161.321,161.323,161.318,161.318
1783103760000,161.321,161.324,161.319,161.322
1783103820000,161.322,161.324,161.317,161.319
1783103880000,161.32,161.326,161.319,161.322
1783103940000,161.323,161.323,161.32,161.322
1783104000000,161.322,161.327,161.321,161.327
1783104060000,161.325,161.33,161.323,161.326
1783104120000,161.327,161.331,161.325,161.331
1783104180000,161.333,161.334,161.325,161.329
1783104240000,161.329,161.33,161.324,161.328
1783104300000,161.329,161.336,161.327,161.334
1783104360000,161.337,161.339,161.333,161.339
1783104420000,161.337,161.341,161.337,161.341
1783104480000,161.339,161.341,161.336,161.341
1783104540000,161.339,161.343,161.339,161.341
1783104600000,161.342,161.342,161.341,161.342
1783104660000,161.342,161.349,161.341,161.345
1783104720000,161.346,161.346,161.346,161.346
1783104780000,161.347,161.347,161.344,161.345
1783104840000,161.344,161.345,161.343,161.344
1783104900000,161.344,161.346,161.343,161.344
1783104960000,161.343,161.345,161.343,161.345
1783105020000,161.345,161.348,161.336,161.345
1783105080000,161.346,161.347,161.341,161.343
1783105140000,161.345,161.357,161.345,161.353
1783105200000,161.354,161.361,161.354,161.357
1783105260000,161.358,161.358,161.346,161.347
1783105320000,161.347,161.35,161.342,161.343
1783105380000,161.342,161.343,161.342,161.343
1783105440000,161.343,161.343,161.341,161.342
1783105500000,161.343,161.344,161.338,161.341
1783105560000,161.341,161.345,161.339,161.343
1783105620000,161.344,161.35,161.343,161.349
1783105680000,161.349,161.355,161.348,161.355
1783105740000,161.354,161.355,161.336,161.341
1783105800000,161.341,161.347,161.341,161.346
1783105860000,161.346,161.346,161.346,161.346
1783105920000,161.347,161.347,161.343,161.345
1783105980000,161.346,161.346,161.344,161.346
1783106040000,161.345,161.354,161.345,161.352
1783106100000,161.352,161.352,161.35,161.351
1783106160000,161.352,161.352,161.35,161.351
1783106220000,161.352,161.355,161.348,161.35
1783106280000,161.351,161.353,161.349,161.352
1783106340000,161.353,161.354,161.352,161.353
1783106400000,161.354,161.354,161.351,161.352
1783106460000,161.353,161.354,161.351,161.351
1783106520000,161.353,161.354,161.352,161.354
1783106580000,161.355,161.358,161.353,161.357
1783106640000,161.355,161.356,161.352,161.353
1783106700000,161.354,161.357,161.352,161.352
1783106760000,161.351,161.355,161.349,161.351
1783106820000,161.352,161.352,161.351,161.352
1783106880000,161.353,161.355,161.353,161.355
1783106940000,161.356,161.356,161.354,161.355
1783107000000,161.355,161.363,161.353,161.358
1783107060000,161.358,161.359,161.354,161.355
1783107120000,161.354,161.358,161.354,161.355
1783107180000,161.357,161.357,161.352,161.353
1783107240000,161.354,161.359,161.352,161.359
1783107300000,161.358,161.36,161.356,161.359
1783107360000,161.358,161.36,161.357,161.359
1783107420000,161.36,161.36,161.359,161.359
1783107480000,161.358,161.367,161.358,161.367
1783107540000,161.366,161.377,161.365,161.375
1783107600000,161.374,161.377,161.373,161.375
1783107660000,161.376,161.376,161.371,161.374
1783107720000,161.374,161.375,161.369,161.372
1783107780000,161.373,161.373,161.372,161.372
1783107840000,161.372,161.372,161.371,161.372
1783107900000,161.371,161.372,161.353,161.355
1783107960000,161.355,161.355,161.351,161.352
1783108020000,161.352,161.355,161.349,161.35
1783108080000,161.35,161.351,161.35,161.35
1783108140000,161.351,161.354,161.351,161.354
1783108200000,161.353,161.357,161.353,161.356
1783108260000,161.357,161.358,161.355,161.355
1783108320000,161.356,161.362,161.356,161.361
1783108380000,161.361,161.362,161.357,161.36
1783108440000,161.361,161.366,161.361,161.364
1783108500000,161.366,161.37,161.361,161.361
1783108560000,161.361,161.363,161.356,161.361
1783108620000,161.36,161.364,161.359,161.363
1783108680000,161.362,161.367,161.358,161.361
1783108740000,161.361,161.362,161.359,161.361
1783108800000,161.361,161.368,161.36,161.367
1783108860000,161.368,161.377,161.367,161.373
1783108920000,161.372,161.381,161.371,161.377
1783108980000,161.377,161.379,161.374,161.374
1783109040000,161.375,161.382,161.374,161.381
1783109100000,161.382,161.383,161.377,161.378
1783109160000,161.377,161.38,161.377,161.378
1783109220000,161.38,161.38,161.37,161.377
1783109280000,161.376,161.377,161.362,161.367
1783109340000,161.366,161.366,161.357,161.366
1783109400000,161.366,161.368,161.361,161.365
1783109460000,161.366,161.368,161.363,161.363
1783109520000,161.365,161.368,161.365,161.366
1783109580000,161.366,161.376,161.365,161.374
1783109640000,161.372,161.375,161.367,161.375
1783109700000,161.376,161.376,161.371,161.374
1783109760000,161.374,161.376,161.367,161.368
1783109820000,161.369,161.37,161.367,161.37
1783109880000,161.37,161.378,161.37,161.377
1783109940000,161.375,161.378,161.366,161.367
1783110000000,161.367,161.376,161.367,161.375
1783110060000,161.376,161.376,161.37,161.373
1783110120000,161.373,161.375,161.366,161.372
1783110180000,161.372,161.372,161.361,161.372
1783110240000,161.373,161.373,161.369,161.37
1783110300000,161.37,161.371,161.368,161.371
1783110360000,161.371,161.381,161.365,161.381
1783110420000,161.381,161.383,161.38,161.382
1783110480000,161.383,161.386,161.381,161.386
1783110540000,161.385,161.385,161.383,161.384
1783110600000,161.383,161.384,161.335,161.339
1783110660000,161.338,161.348,161.338,161.346
1783110720000,161.346,161.353,161.328,161.338
1783110780000,161.338,161.349,161.338,161.347
1783110840000,161.346,161.353,161.345,161.351
1783110900000,161.352,161.359,161.342,161.354
1783110960000,161.354,161.371,161.352,161.365
1783111020000,161.363,161.371,161.362,161.37
1783111080000,161.37,161.372,161.368,161.369
1783111140000,161.369,161.371,161.361,161.363
1783111200000,161.362,161.37,161.361,161.369
1783111260000,161.369,161.371,161.351,161.354
1783111320000,161.354,161.358,161.352,161.357
1783111380000,161.357,161.394,161.356,161.384
1783111440000,161.383,161.387,161.367,161.38
1783111500000,161.38,161.392,161.374,161.39
1783111560000,161.389,161.438,161.387,161.411
1783111620000,161.41,161.416,161.375,161.394
1783111680000,161.392,161.4,161.367,161.383
1783111740000,161.383,161.395,161.365,161.374
1783111800000,161.372,161.378,161.368,161.373
1783111860000,161.371,161.377,161.37,161.372
1783111920000,161.371,161.402,161.369,161.394
1783111980000,161.394,161.394,161.389,161.39
1783112040000,161.391,161.396,161.376,161.381
1783112100000,161.38,161.38,161.348,161.358
1783112160000,161.359,161.371,161.347,161.355
1783112220000,161.352,161.365,161.348,161.365
1783112280000,161.349,161.354,161.345,161.345
1783112340000,161.33,161.365,161.33,161.347
1783112400000,161.347,161.347,161.347,161.347
1783112460000,161.347,161.347,161.347,161.347
1783112520000,161.347,161.347,161.347,161.347
1783112580000,161.347,161.347,161.347,161.347
1783112640000,161.347,161.347,161.347,161.347
1783112700000,161.347,161.347,161.347,161.347
1783112760000,161.347,161.347,161.347,161.347
1783112820000,161.347,161.347,161.347,161.347
1783112880000,161.347,161.347,161.347,161.347
1783112940000,161.347,161.347,161.347,161.347
1783113000000,161.347,161.347,161.347,161.347
1783113060000,161.347,161.347,161.347,161.347
1783113120000,161.347,161.347,161.347,161.347
1783113180000,161.347,161.347,161.347,161.347
1783113240000,161.347,161.347,161.347,161.347
1783113300000,161.347,161.347,161.347,161.347
1783113360000,161.347,161.347,161.347,161.347
1783113420000,161.347,161.347,161.347,161.347
1783113480000,161.347,161.347,161.347,161.347
1783113540000,161.347,161.347,161.347,161.347
1783113600000,161.347,161.347,161.347,161.347
1783113660000,161.347,161.347,161.347,161.347
1783113720000,161.347,161.347,161.347,161.347
1783113780000,161.347,161.347,161.347,161.347
1783113840000,161.347,161.347,161.347,161.347
1783113900000,161.347,161.347,161.347,161.347
1783113960000,161.347,161.347,161.347,161.347
1783114020000,161.347,161.347,161.347,161.347
1783114080000,161.347,161.347,161.347,161.347
1783114140000,161.347,161.347,161.347,161.347
1783114200000,161.347,161.347,161.347,161.347
1783114260000,161.347,161.347,161.347,161.347
1783114320000,161.347,161.347,161.347,161.347
1783114380000,161.347,161.347,161.347,161.347
1783114440000,161.347,161.347,161.347,161.347
1783114500000,161.347,161.347,161.347,161.347
1783114560000,161.347,161.347,161.347,161.347
1783114620000,161.347,161.347,161.347,161.347
1783114680000,161.347,161.347,161.347,161.347
1783114740000,161.347,161.347,161.347,161.347
1783114800000,161.347,161.347,161.347,161.347
1783114860000,161.347,161.347,161.347,161.347
1783114920000,161.347,161.347,161.347,161.347
1783114980000,161.347,161.347,161.347,161.347
1783115040000,161.347,161.347,161.347,161.347
1783115100000,161.347,161.347,161.347,161.347
1783115160000,161.347,161.347,161.347,161.347
1783115220000,161.347,161.347,161.347,161.347
1783115280000,161.347,161.347,161.347,161.347
1783115340000,161.347,161.347,161.347,161.347
1783115400000,161.347,161.347,161.347,161.347
1783115460000,161.347,161.347,161.347,161.347
1783115520000,161.347,161.347,161.347,161.347
1783115580000,161.347,161.347,161.347,161.347
1783115640000,161.347,161.347,161.347,161.347
1783115700000,161.347,161.347,161.347,161.347
1783115760000,161.347,161.347,161.347,161.347
1783115820000,161.347,161.347,161.347,161.347
1783115880000,161.347,161.347,161.347,161.347
1783115940000,161.347,161.347,161.347,161.347
1783116000000,161.347,161.347,161.347,161.347
1783116060000,161.347,161.347,161.347,161.347
1783116120000,161.347,161.347,161.347,161.347
1783116180000,161.347,161.347,161.347,161.347
1783116240000,161.347,161.347,161.347,161.347
1783116300000,161.347,161.347,161.347,161.347
1783116360000,161.347,161.347,161.347,161.347
1783116420000,161.347,161.347,161.347,161.347
1783116480000,161.347,161.347,161.347,161.347
1783116540000,161.347,161.347,161.347,161.347
1783116600000,161.347,161.347,161.347,161.347
1783116660000,161.347,161.347,161.347,161.347
1783116720000,161.347,161.347,161.347,161.347
1783116780000,161.347,161.347,161.347,161.347
1783116840000,161.347,161.347,161.347,161.347
1783116900000,161.347,161.347,161.347,161.347
1783116960000,161.347,161.347,161.347,161.347
1783117020000,161.347,161.347,161.347,161.347
1783117080000,161.347,161.347,161.347,161.347
1783117140000,161.347,161.347,161.347,161.347
1783117200000,161.347,161.347,161.347,161.347
1783117260000,161.347,161.347,161.347,161.347
1783117320000,161.347,161.347,161.347,161.347
1783117380000,161.347,161.347,161.347,161.347
1783117440000,161.347,161.347,161.347,161.347
1783117500000,161.347,161.347,161.347,161.347
1783117560000,161.347,161.347,161.347,161.347
1783117620000,161.347,161.347,161.347,161.347
1783117680000,161.347,161.347,161.347,161.347
1783117740000,161.347,161.347,161.347,161.347
1783117800000,161.347,161.347,161.347,161.347
1783117860000,161.347,161.347,161.347,161.347
1783117920000,161.347,161.347,161.347,161.347
1783117980000,161.347,161.347,161.347,161.347
1783118040000,161.347,161.347,161.347,161.347
1783118100000,161.347,161.347,161.347,161.347
1783118160000,161.347,161.347,161.347,161.347
1783118220000,161.347,161.347,161.347,161.347
1783118280000,161.347,161.347,161.347,161.347
1783118340000,161.347,161.347,161.347,161.347
1783118400000,161.347,161.347,161.347,161.347
1783118460000,161.347,161.347,161.347,161.347
1783118520000,161.347,161.347,161.347,161.347
1783118580000,161.347,161.347,161.347,161.347
1783118640000,161.347,161.347,161.347,161.347
1783118700000,161.347,161.347,161.347,161.347
1783118760000,161.347,161.347,161.347,161.347
1783118820000,161.347,161.347,161.347,161.347
1783118880000,161.347,161.347,161.347,161.347
1783118940000,161.347,161.347,161.347,161.347
1783119000000,161.347,161.347,161.347,161.347
1783119060000,161.347,161.347,161.347,161.347
1783119120000,161.347,161.347,161.347,161.347
1783119180000,161.347,161.347,161.347,161.347
1783119240000,161.347,161.347,161.347,161.347
1783119300000,161.347,161.347,161.347,161.347
1783119360000,161.347,161.347,161.347,161.347
1783119420000,161.347,161.347,161.347,161.347
1783119480000,161.347,161.347,161.347,161.347
1783119540000,161.347,161.347,161.347,161.347
1783119600000,161.347,161.347,161.347,161.347
1783119660000,161.347,161.347,161.347,161.347
1783119720000,161.347,161.347,161.347,161.347
1783119780000,161.347,161.347,161.347,161.347
1783119840000,161.347,161.347,161.347,161.347
1783119900000,161.347,161.347,161.347,161.347
1783119960000,161.347,161.347,161.347,161.347
1783120020000,161.347,161.347,161.347,161.347
1783120080000,161.347,161.347,161.347,161.347
1783120140000,161.347,161.347,161.347,161.347
1783120200000,161.347,161.347,161.347,161.347
1783120260000,161.347,161.347,161.347,161.347
1783120320000,161.347,161.347,161.347,161.347
1783120380000,161.347,161.347,161.347,161.347
1783120440000,161.347,161.347,161.347,161.347
1783120500000,161.347,161.347,161.347,161.347
1783120560000,161.347,161.347,161.347,161.347
1783120620000,161.347,161.347,161.347,161.347
1783120680000,161.347,161.347,161.347,161.347
1783120740000,161.347,161.347,161.347,161.347
1783120800000,161.347,161.347,161.347,161.347
1783120860000,161.347,161.347,161.347,161.347
1783120920000,161.347,161.347,161.347,161.347
1783120980000,161.347,161.347,161.347,161.347
1783121040000,161.347,161.347,161.347,161.347
1783121100000,161.347,161.347,161.347,161.347
1783121160000,161.347,161.347,161.347,161.347
1783121220000,161.347,161.347,161.347,161.347
1783121280000,161.347,161.347,161.347,161.347
1783121340000,161.347,161.347,161.347,161.347
1783121400000,161.347,161.347,161.347,161.347
1783121460000,161.347,161.347,161.347,161.347
1783121520000,161.347,161.347,161.347,161.347
1783121580000,161.347,161.347,161.347,161.347
1783121640000,161.347,161.347,161.347,161.347
1783121700000,161.347,161.347,161.347,161.347
1783121760000,161.347,161.347,161.347,161.347
1783121820000,161.347,161.347,161.347,161.347
1783121880000,161.347,161.347,161.347,161.347
1783121940000,161.347,161.347,161.347,161.347
1783122000000,161.347,161.347,161.347,161.347
1783122060000,161.347,161.347,161.347,161.347
1783122120000,161.347,161.347,161.347,161.347
1783122180000,161.347,161.347,161.347,161.347
1783122240000,161.347,161.347,161.347,161.347
1783122300000,161.347,161.347,161.347,161.347
1783122360000,161.347,161.347,161.347,161.347
1783122420000,161.347,161.347,161.347,161.347
1783122480000,161.347,161.347,161.347,161.347
1783122540000,161.347,161.347,161.347,161.347
1783122600000,161.347,161.347,161.347,161.347
1783122660000,161.347,161.347,161.347,161.347
1783122720000,161.347,161.347,161.347,161.347
1783122780000,161.347,161.347,161.347,161.347
1783122840000,161.347,161.347,161.347,161.347
1783122900000,161.347,161.347,161.347,161.347
1783122960000,161.347,161.347,161.347,161.347
1783123020000,161.347,161.347,161.347,161.347
1783123080000,161.347,161.347,161.347,161.347
1783123140000,161.347,161.347,161.347,161.347
1783296000000,161.458,161.494,161.458,161.489
1783296060000,161.488,161.488,161.461,161.471
1783296120000,161.471,161.486,161.459,161.484
1783296180000,161.485,161.506,161.481,161.495
1783296240000,161.494,161.534,161.493,161.532
1783296300000,161.533,161.551,161.523,161.55
1783296360000,161.55,161.551,161.537,161.545
1783296420000,161.544,161.55,161.538,161.55
1783296480000,161.549,161.55,161.545,161.545
1783296540000,161.546,161.587,161.545,161.585
1783296600000,161.585,161.585,161.56,161.562
1783296660000,161.562,161.564,161.549,161.55
1783296720000,161.55,161.563,161.547,161.55
1783296780000,161.551,161.554,161.546,161.546
1783296840000,161.545,161.548,161.536,161.536
1783296900000,161.536,161.538,161.521,161.533
1783296960000,161.534,161.536,161.485,161.485
1783297020000,161.484,161.484,161.456,161.482
1783297080000,161.483,161.512,161.483,161.511
1783297140000,161.511,161.515,161.497,161.508
1783297200000,161.51,161.51,161.498,161.502
1783297260000,161.503,161.504,161.492,161.501
1783297320000,161.498,161.503,161.498,161.5
1783297380000,161.501,161.518,161.501,161.515
1783297440000,161.515,161.541,161.515,161.528
1783297500000,161.528,161.528,161.521,161.528
1783297560000,161.527,161.54,161.524,161.538
1783297620000,161.536,161.536,161.509,161.517
1783297680000,161.516,161.516,161.51,161.514
1783297740000,161.513,161.517,161.498,161.498
1783297800000,161.5,161.501,161.475,161.49
1783297860000,161.488,161.504,161.487,161.502
1783297920000,161.503,161.503,161.484,161.485
1783297980000,161.483,161.494,161.477,161.492
1783298040000,161.492,161.511,161.49,161.506
1783298100000,161.506,161.527,161.506,161.515
1783298160000,161.519,161.529,161.514,161.516
1783298220000,161.515,161.516,161.504,161.512
1783298280000,161.512,161.543,161.512,161.541
1783298340000,161.54,161.54,161.525,161.536
1783298400000,161.537,161.543,161.529,161.529
1783298460000,161.53,161.53,161.52,161.525
1783298520000,161.524,161.543,161.521,161.538
1783298580000,161.539,161.541,161.528,161.538
1783298640000,161.538,161.538,161.515,161.524
1783298700000,161.524,161.536,161.523,161.536
1783298760000,161.536,161.536,161.515,161.524
1783298820000,161.524,161.555,161.524,161.554
1783298880000,161.555,161.577,161.547,161.577
1783298940000,161.578,161.604,161.574,161.575
1783299000000,161.575,161.602,161.575,161.596
1783299060000,161.595,161.596,161.581,161.595
1783299120000,161.6,161.602,161.577,161.579
1783299180000,161.578,161.582,161.557,161.566
1783299240000,161.565,161.597,161.539,161.54
1783299300000,161.535,161.563,161.469,161.502
1783299360000,161.502,161.522,161.485,161.515
1783299420000,161.516,161.531,161.487,161.494
1783299480000,161.494,161.517,161.493,161.511
1783299540000,161.509,161.532,161.498,161.531
1783299600000,161.538,161.556,161.529,161.556
1783299660000,161.558,161.558,161.538,161.548
1783299720000,161.547,161.55,161.533,161.539
1783299780000,161.54,161.568,161.54,161.568
1783299840000,161.567,161.576,161.56,161.568
1783299900000,161.568,161.58,161.562,161.578
1783299960000,161.579,161.579,161.561,161.564
1783300020000,161.564,161.573,161.563,161.569
1783300080000,161.571,161.571,161.538,161.556
1783300140000,161.557,161.578,161.557,161.563
1783300200000,161.563,161.565,161.536,161.542
1783300260000,161.542,161.556,161.541,161.556
1783300320000,161.556,161.619,161.554,161.603
1783300380000,161.603,161.606,161.586,161.593
1783300440000,161.59,161.601,161.59,161.598
1783300500000,161.599,161.619,161.599,161.617
1783300560000,161.619,161.643,161.612,161.643
1783300620000,161.644,161.645,161.638,161.644
1783300680000,161.643,161.646,161.639,161.641
1783300740000,161.642,161.651,161.638,161.648
1783300800000,161.646,161.671,161.645,161.669
1783300860000,161.667,161.711,161.662,161.7
1783300920000,161.7,161.721,161.699,161.72
1783300980000,161.72,161.726,161.71,161.724
1783301040000,161.723,161.726,161.717,161.717
1783301100000,161.718,161.733,161.713,161.733
1783301160000,161.733,161.772,161.733,161.751
1783301220000,161.751,161.756,161.739,161.756
1783301280000,161.758,161.763,161.745,161.751
1783301340000,161.752,161.772,161.75,161.769
1783301400000,161.769,161.772,161.747,161.753
1783301460000,161.755,161.756,161.71,161.71
1783301520000,161.71,161.724,161.706,161.724
1783301580000,161.725,161.734,161.725,161.731
1783301640000,161.732,161.736,161.73,161.735
1783301700000,161.734,161.735,161.723,161.731
1783301760000,161.731,161.731,161.715,161.722
1783301820000,161.721,161.73,161.703,161.703
1783301880000,161.703,161.716,161.699,161.714
1783301940000,161.715,161.72,161.704,161.705
1783302000000,161.704,161.723,161.704,161.72
1783302060000,161.72,161.721,161.711,161.711
1783302120000,161.716,161.719,161.716,161.716
1783302180000,161.717,161.721,161.716,161.716
1783302240000,161.716,161.716,161.7,161.704
1783302300000,161.704,161.719,161.703,161.717
1783302360000,161.718,161.721,161.714,161.721
1783302420000,161.721,161.721,161.702,161.705
1783302480000,161.704,161.73,161.704,161.73
1783302540000,161.73,161.756,161.729,161.754
1783302600000,161.754,161.756,161.742,161.75
1783302660000,161.748,161.77,161.748,161.764
1783302720000,161.763,161.771,161.762,161.768
1783302780000,161.768,161.77,161.754,161.755
1783302840000,161.756,161.76,161.742,161.758
1783302900000,161.759,161.782,161.758,161.782
1783302960000,161.782,161.786,161.774,161.775
1783303020000,161.776,161.793,161.776,161.789
1783303080000,161.788,161.813,161.787,161.805
1783303140000,161.803,161.813,161.799,161.81
1783303200000,161.812,161.814,161.795,161.795
1783303260000,161.795,161.816,161.795,161.81
1783303320000,161.809,161.809,161.779,161.781
1783303380000,161.78,161.794,161.779,161.793
1783303440000,161.793,161.794,161.784,161.793
1783303500000,161.794,161.796,161.788,161.791
1783303560000,161.792,161.806,161.792,161.806
1783303620000,161.807,161.833,161.807,161.82
1783303680000,161.821,161.822,161.816,161.818
1783303740000,161.817,161.839,161.817,161.832
1783303800000,161.832,161.836,161.832,161.835
1783303860000,161.836,161.836,161.82,161.835
1783303920000,161.836,161.849,161.824,161.847
1783303980000,161.848,161.849,161.833,161.833
1783304040000,161.832,161.833,161.825,161.829
1783304100000,161.829,161.834,161.823,161.823
1783304160000,161.824,161.835,161.824,161.833
1783304220000,161.833,161.837,161.811,161.812
1783304280000,161.812,161.814,161.793,161.798
1783304340000,161.795,161.799,161.784,161.799
1783304400000,161.799,161.799,161.789,161.791
1783304460000,161.79,161.805,161.789,161.801
1783304520000,161.8,161.8,161.797,161.797
1783304580000,161.797,161.799,161.793,161.795
1783304640000,161.795,161.807,161.795,161.807
1783304700000,161.807,161.809,161.796,161.796
1783304760000,161.795,161.801,161.794,161.8
1783304820000,161.801,161.809,161.8,161.806
1783304880000,161.801,161.801,161.789,161.795
1783304940000,161.795,161.797,161.792,161.797
1783305000000,161.796,161.807,161.796,161.807
1783305060000,161.806,161.809,161.804,161.807
1783305120000,161.804,161.806,161.793,161.801
1783305180000,161.8,161.8,161.797,161.798
1783305240000,161.799,161.802,161.797,161.798
1783305300000,161.798,161.822,161.796,161.822
1783305360000,161.822,161.825,161.811,161.811
1783305420000,161.809,161.819,161.805,161.813
1783305480000,161.811,161.811,161.807,161.807
1783305540000,161.807,161.807,161.798,161.801
1783305600000,161.801,161.819,161.798,161.802
1783305660000,161.806,161.807,161.804,161.804
1783305720000,161.805,161.81,161.799,161.803
1783305780000,161.804,161.807,161.804,161.806
1783305840000,161.807,161.808,161.796,161.799
1783305900000,161.797,161.805,161.793,161.798
1783305960000,161.799,161.802,161.797,161.797
1783306020000,161.796,161.796,161.792,161.794
1783306080000,161.796,161.796,161.78,161.786
1783306140000,161.785,161.787,161.781,161.783
1783306200000,161.784,161.798,161.784,161.798
1783306260000,161.798,161.798,161.782,161.786
1783306320000,161.787,161.788,161.782,161.782
1783306380000,161.783,161.785,161.753,161.756
1783306440000,161.756,161.767,161.748,161.765
1783306500000,161.765,161.771,161.757,161.767
1783306560000,161.766,161.768,161.762,161.766
1783306620000,161.764,161.768,161.756,161.759
1783306680000,161.758,161.762,161.758,161.759
1783306740000,161.759,161.773,161.759,161.773
1783306800000,161.772,161.78,161.77,161.772
1783306860000,161.769,161.772,161.763,161.765
1783306920000,161.766,161.771,161.763,161.767
1783306980000,161.768,161.772,161.767,161.77
1783307040000,161.772,161.776,161.769,161.775
1783307100000,161.775,161.776,161.771,161.774
1783307160000,161.773,161.781,161.768,161.768
1783307220000,161.77,161.772,161.767,161.772
1783307280000,161.773,161.78,161.77,161.77
1783307340000,161.769,161.773,161.768,161.773
1783307400000,161.772,161.79,161.772,161.788
1783307460000,161.785,161.785,161.769,161.771
1783307520000,161.77,161.798,161.77,161.798
1783307580000,161.798,161.798,161.787,161.787
1783307640000,161.785,161.802,161.785,161.798
1783307700000,161.798,161.815,161.798,161.811
1783307760000,161.812,161.812,161.805,161.805
1783307820000,161.805,161.82,161.798,161.81
1783307880000,161.814,161.816,161.805,161.806
1783307940000,161.806,161.806,161.799,161.805
1783308000000,161.804,161.806,161.794,161.794
1783308060000,161.794,161.806,161.785,161.801
1783308120000,161.802,161.811,161.8,161.801
1783308180000,161.8,161.812,161.799,161.81
1783308240000,161.812,161.822,161.811,161.815
1783308300000,161.815,161.821,161.812,161.813
1783308360000,161.816,161.816,161.808,161.812
1783308420000,161.813,161.82,161.813,161.813
1783308480000,161.812,161.824,161.812,161.821
1783308540000,161.821,161.825,161.819,161.822
1783308600000,161.823,161.827,161.819,161.821
1783308660000,161.822,161.831,161.822,161.825
1783308720000,161.826,161.832,161.824,161.825
1783308780000,161.825,161.826,161.821,161.822
1783308840000,161.823,161.825,161.821,161.823
1783308900000,161.822,161.823,161.795,161.799
1783308960000,161.8,161.811,161.798,161.81
1783309020000,161.809,161.81,161.805,161.81
1783309080000,161.809,161.812,161.809,161.81
1783309140000,161.81,161.81,161.797,161.8
1783309200000,161.798,161.8,161.796,161.798
1783309260000,161.799,161.811,161.797,161.806
1783309320000,161.805,161.806,161.797,161.797
1783309380000,161.798,161.8,161.797,161.797
1783309440000,161.805,161.806,161.797,161.797
1783309500000,161.796,161.799,161.796,161.799
1783309560000,161.798,161.8,161.797,161.798
1783309620000,161.797,161.8,161.795,161.799
1783309680000,161.799,161.811,161.796,161.811
1783309740000,161.81,161.814,161.808,161.81
1783309800000,161.81,161.81,161.807,161.809
1783309860000,161.808,161.809,161.806,161.807
1783309920000,161.808,161.816,161.807,161.814
1783309980000,161.812,161.814,161.808,161.812
1783310040000,161.814,161.823,161.814,161.821
1783310100000,161.82,161.823,161.819,161.819
1783310160000,161.82,161.826,161.815,161.824
1783310220000,161.825,161.836,161.822,161.836
1783310280000,161.839,161.859,161.836,161.852
1783310340000,161.852,161.852,161.832,161.84
1783310400000,161.841,161.845,161.832,161.832
1783310460000,161.834,161.838,161.831,161.838
1783310520000,161.839,161.842,161.838,161.838
1783310580000,161.837,161.846,161.835,161.845
1783310640000,161.846,161.848,161.845,161.847
1783310700000,161.846,161.847,161.84,161.845
1783310760000,161.846,161.846,161.821,161.824
1783310820000,161.825,161.834,161.824,161.833
1783310880000,161.834,161.834,161.823,161.823
1783310940000,161.824,161.833,161.824,161.833
1783311000000,161.831,161.834,161.823,161.823
1783311060000,161.824,161.826,161.811,161.811
1783311120000,161.812,161.821,161.809,161.812
1783311180000,161.814,161.822,161.814,161.819
1783311240000,161.819,161.822,161.817,161.822
1783311300000,161.823,161.823,161.813,161.814
1783311360000,161.815,161.815,161.807,161.812
1783311420000,161.813,161.825,161.813,161.823
1783311480000,161.826,161.836,161.822,161.826
1783311540000,161.825,161.836,161.825,161.834
1783311600000,161.835,161.838,161.835,161.837
1783311660000,161.836,161.837,161.832,161.835
1783311720000,161.833,161.835,161.832,161.835
1783311780000,161.834,161.835,161.833,161.834
1783311840000,161.834,161.839,161.833,161.836
1783311900000,161.837,161.838,161.836,161.837
1783311960000,161.837,161.848,161.833,161.848
1783312020000,161.847,161.847,161.839,161.839
1783312080000,161.839,161.847,161.838,161.847
1783312140000,161.847,161.848,161.847,161.848
1783312200000,161.848,161.849,161.848,161.848
1783312260000,161.847,161.849,161.838,161.838
1783312320000,161.841,161.841,161.836,161.839
1783312380000,161.842,161.842,161.839,161.839
1783312440000,161.838,161.841,161.837,161.841
1783312500000,161.842,161.848,161.842,161.847
1783312560000,161.846,161.85,161.846,161.848
1783312620000,161.85,161.851,161.848,161.848
1783312680000,161.849,161.862,161.849,161.86
1783312740000,161.859,161.876,161.858,161.876
1783312800000,161.875,161.875,161.871,161.872
1783312860000,161.873,161.896,161.871,161.89
1783312920000,161.889,161.898,161.885,161.891
1783312980000,161.892,161.925,161.888,161.916
1783313040000,161.916,161.932,161.912,161.913
1783313100000,161.913,161.93,161.913,161.924
1783313160000,161.923,161.944,161.921,161.94
1783313220000,161.94,161.94,161.926,161.927
1783313280000,161.927,161.941,161.925,161.937
1783313340000,161.938,161.938,161.922,161.924
1783313400000,161.924,161.932,161.922,161.925
1783313460000,161.925,161.932,161.914,161.931
1783313520000,161.932,161.932,161.926,161.931
1783313580000,161.931,161.932,161.93,161.93
1783313640000,161.93,161.942,161.926,161.926
1783313700000,161.925,161.927,161.916,161.921
1783313760000,161.921,161.925,161.914,161.924
1783313820000,161.924,161.933,161.924,161.926
1783313880000,161.926,161.931,161.926,161.931
1783313940000,161.93,161.938,161.928,161.938
1783314000000,161.939,161.943,161.927,161.928
1783314060000,161.928,161.93,161.915,161.928
1783314120000,161.931,161.937,161.927,161.927
1783314180000,161.929,161.937,161.929,161.937
1783314240000,161.938,161.94,161.937,161.939
1783314300000,161.94,161.944,161.939,161.943
1783314360000,161.952,161.956,161.944,161.95
1783314420000,161.948,161.968,161.948,161.968
1783314480000,161.969,161.988,161.969,161.985
1783314540000,161.985,161.985,161.975,161.976
1783314600000,161.977,161.978,161.976,161.978
1783314660000,161.978,161.978,161.931,161.931
1783314720000,161.934,161.936,161.885,161.923
1783314780000,161.923,161.937,161.894,161.926
1783314840000,161.927,161.943,161.925,161.939
1783314900000,161.94,161.964,161.937,161.953
1783314960000,161.953,161.954,161.942,161.953
1783315020000,161.952,161.964,161.952,161.956
1783315080000,161.959,161.961,161.949,161.957
1783315140000,161.956,161.957,161.951,161.957
1783315200000,161.961,161.964,161.946,161.95
1783315260000,161.951,161.952,161.948,161.951
1783315320000,161.951,161.951,161.948,161.95
1783315380000,161.948,161.956,161.948,161.953
1783315440000,161.952,161.956,161.944,161.953
1783315500000,161.953,161.965,161.95,161.964
1783315560000,161.965,161.966,161.953,161.963
1783315620000,161.965,161.965,161.962,161.963
1783315680000,161.966,161.968,161.953,161.953
1783315740000,161.952,161.957,161.952,161.956
1783315800000,161.956,161.964,161.952,161.953
1783315860000,161.953,161.956,161.951,161.955
1783315920000,161.955,161.957,161.949,161.952
1783315980000,161.953,161.955,161.939,161.941
1783316040000,161.94,161.955,161.94,161.955
1783316100000,161.956,161.958,161.94,161.941
1783316160000,161.941,161.95,161.94,161.948
1783316220000,161.949,161.952,161.941,161.942
1783316280000,161.942,161.949,161.938,161.939
1783316340000,161.94,161.944,161.937,161.944
1783316400000,161.942,161.944,161.94,161.942
1783316460000,161.939,161.944,161.939,161.944
1783316520000,161.944,161.948,161.939,161.939
1783316580000,161.938,161.942,161.937,161.94
1783316640000,161.941,161.947,161.941,161.944
1783316700000,161.947,161.954,161.947,161.949
1783316760000,161.948,161.951,161.948,161.949
1783316820000,161.949,161.949,161.949,161.949
1783316880000,161.949,161.951,161.949,161.951
1783316940000,161.95,161.979,161.95,161.977
1783317000000,161.977,161.983,161.975,161.977
1783317060000,161.977,161.992,161.977,161.988
1783317120000,161.989,161.995,161.982,161.99
1783317180000,161.989,161.99,161.982,161.982
1783317240000,161.981,161.981,161.969,161.974
1783317300000,161.974,162.036,161.972,162.032
1783317360000,162.034,162.037,161.994,162.028
1783317420000,162.028,162.031,162.019,162.023
1783317480000,162.024,162.085,162.023,162.082
1783317540000,162.077,162.084,162.057,162.079
1783317600000,162.078,162.086,162.044,162.051
1783317660000,162.056,162.062,162.028,162.044
1783317720000,162.045,162.073,162.026,162.073
1783317780000,162.072,162.095,162.067,162.084
1783317840000,162.085,162.095,162.075,162.087
1783317900000,162.085,162.155,162.085,162.141
1783317960000,162.143,162.147,162.106,162.107
1783318020000,162.108,162.111,162.089,162.095
1783318080000,162.095,162.096,162.052,162.056
1783318140000,162.056,162.083,162.056,162.067
1783318200000,162.067,162.082,162.06,162.082
1783318260000,162.081,162.088,162.07,162.086
1783318320000,162.087,162.115,162.082,162.109
1783318380000,162.109,162.111,162.098,162.102
1783318440000,162.106,162.127,162.106,162.125
1783318500000,162.127,162.167,162.124,162.166
1783318560000,162.167,162.195,162.167,162.192
1783318620000,162.192,162.192,162.175,162.181
1783318680000,162.18,162.215,162.179,162.215
1783318740000,162.217,162.272,162.201,162.201
1783318800000,162.2,162.207,162.135,162.139
1783318860000,162.139,162.157,162.121,162.153
1783318920000,162.153,162.159,162.132,162.142
1783318980000,162.144,162.171,162.132,162.152
1783319040000,162.153,162.183,162.139,162.155
1783319100000,162.157,162.187,162.157,162.179
1783319160000,162.179,162.187,162.162,162.173
1783319220000,162.171,162.186,162.17,162.176
1783319280000,162.174,162.188,162.174,162.187
1783319340000,162.187,162.202,162.178,162.178
1783319400000,162.178,162.186,162.157,162.171
1783319460000,162.17,162.21,162.16,162.2
1783319520000,162.199,162.199,162.168,162.179
1783319580000,162.179,162.188,162.135,162.135
1783319640000,162.134,162.145,162.12,162.145
1783319700000,162.144,162.153,162.135,162.143
1783319760000,162.142,162.186,162.141,162.185
1783319820000,162.186,162.186,162.15,162.161
1783319880000,162.162,162.171,162.147,162.149
1783319940000,162.15,162.164,162.15,162.161
1783320000000,162.161,162.169,162.145,162.156
1783320060000,162.155,162.17,162.15,162.17
1783320120000,162.169,162.17,162.156,162.156
1783320180000,162.157,162.158,162.145,162.147
1783320240000,162.146,162.147,162.113,162.113
1783320300000,162.117,162.127,162.11,162.113
1783320360000,162.115,162.146,162.11,162.145
1783320420000,162.146,162.146,162.135,162.136
1783320480000,162.136,162.172,162.136,162.164
1783320540000,162.165,162.173,162.158,162.172
1783320600000,162.171,162.175,162.16,162.172
1783320660000,162.171,162.175,162.16,162.174
1783320720000,162.175,162.186,162.17,162.186
1783320780000,162.185,162.186,162.175,162.185
1783320840000,162.184,162.21,162.184,162.204
1783320900000,162.204,162.221,162.199,162.221
1783320960000,162.229,162.245,162.225,162.241
1783321020000,162.24,162.268,162.24,162.268
1783321080000,162.268,162.307,162.263,162.303
1783321140000,162.299,162.303,162.223,162.25
1783321200000,162.251,162.295,162.251,162.293
1783321260000,162.29,162.312,162.25,162.252
1783321320000,162.253,162.264,162.229,162.257
1783321380000,162.258,162.282,162.253,162.268
1783321440000,162.267,162.267,162.248,162.251
1783321500000,162.25,162.279,162.242,162.264
1783321560000,162.264,162.277,162.255,162.268
1783321620000,162.267,162.294,162.267,162.288
1783321680000,162.289,162.302,162.284,162.293
1783321740000,162.294,162.314,162.275,162.282
1783321800000,162.281,162.296,162.269,162.289
1783321860000,162.287,162.293,162.267,162.272
1783321920000,162.272,162.278,162.255,162.265
1783321980000,162.268,162.273,162.239,162.241
1783322040000,162.24,162.264,162.236,162.237
1783322100000,162.236,162.249,162.236,162.239
1783322160000,162.24,162.24,162.22,162.235
1783322220000,162.239,162.252,162.233,162.249
1783322280000,162.25,162.251,162.223,162.237
1783322340000,162.239,162.264,162.235,162.253
1783322400000,162.254,162.284,162.25,162.281
1783322460000,162.279,162.281,162.261,162.269
1783322520000,162.27,162.288,162.268,162.277
1783322580000,162.277,162.282,162.256,162.266
1783322640000,162.265,162.287,162.265,162.278
1783322700000,162.277,162.28,162.272,162.278
1783322760000,162.277,162.305,162.275,162.291
1783322820000,162.292,162.293,162.281,162.287
1783322880000,162.289,162.292,162.257,162.28
1783322940000,162.279,162.285,162.262,162.264
1783323000000,162.264,162.265,162.214,162.214
1783323060000,162.216,162.218,162.191,162.195
1783323120000,162.201,162.203,162.161,162.161
1783323180000,162.162,162.186,162.162,162.185
1783323240000,162.186,162.198,162.183,162.195
1783323300000,162.196,162.217,162.195,162.212
1783323360000,162.213,162.216,162.209,162.213
1783323420000,162.213,162.215,162.21,162.211
1783323480000,162.21,162.217,162.203,162.204
1783323540000,162.205,162.217,162.189,162.197
1783323600000,162.197,162.21,162.187,162.187
1783323660000,162.187,162.199,162.179,162.196
1783323720000,162.197,162.199,162.184,162.191
1783323780000,162.189,162.208,162.187,162.193
1783323840000,162.191,162.193,162.161,162.173
1783323900000,162.173,162.176,162.162,162.162
1783323960000,162.163,162.168,162.156,162.162
1783324020000,162.161,162.183,162.158,162.178
1783324080000,162.179,162.2,162.178,162.187
1783324140000,162.188,162.189,162.173,162.181
1783324200000,162.183,162.2,162.179,162.2
1783324260000,162.199,162.201,162.176,162.177
1783324320000,162.178,162.184,162.171,162.18
1783324380000,162.179,162.18,162.162,162.173
1783324440000,162.173,162.183,162.17,162.174
1783324500000,162.174,162.186,162.169,162.186
1783324560000,162.186,162.2,162.178,162.186
1783324620000,162.187,162.195,162.155,162.171
1783324680000,162.172,162.183,162.167,162.167
1783324740000,162.17,162.17,162.153,162.16
1783324800000,162.161,162.195,162.159,162.185
1783324860000,162.187,162.216,162.185,162.214
1783324920000,162.215,162.256,162.214,162.252
1783324980000,162.251,162.272,162.25,162.252
1783325040000,162.253,162.258,162.239,162.241
1783325100000,162.24,162.249,162.21,162.212
1783325160000,162.215,162.238,162.215,162.236
1783325220000,162.239,162.241,162.237,162.237
1783325280000,162.238,162.248,162.232,162.248
1783325340000,162.251,162.278,162.25,162.278
1783325400000,162.279,162.29,162.27,162.289
1783325460000,162.29,162.29,162.277,162.281
1783325520000,162.28,162.281,162.264,162.268
1783325580000,162.266,162.28,162.247,162.251
1783325640000,162.251,162.262,162.249,162.249
1783325700000,162.248,162.248,162.223,162.231
1783325760000,162.231,162.232,162.211,162.214
1783325820000,162.213,162.225,162.21,162.218
1783325880000,162.221,162.243,162.221,162.23
1783325940000,162.23,162.235,162.226,162.235
1783326000000,162.236,162.245,162.229,162.243
1783326060000,162.242,162.247,162.232,162.242
1783326120000,162.242,162.251,162.23,162.237
1783326180000,162.238,162.247,162.237,162.242
1783326240000,162.241,162.252,162.238,162.252
1783326300000,162.251,162.254,162.239,162.242
1783326360000,162.244,162.249,162.237,162.237
1783326420000,162.239,162.243,162.238,162.242
1783326480000,162.243,162.244,162.233,162.242
1783326540000,162.24,162.24,162.224,162.228
1783326600000,162.228,162.229,162.226,162.228
1783326660000,162.229,162.25,162.228,162.246
1783326720000,162.245,162.245,162.228,162.245
1783326780000,162.245,162.253,162.237,162.253
1783326840000,162.254,162.263,162.251,162.257
1783326900000,162.255,162.256,162.245,162.246
1783326960000,162.246,162.251,162.24,162.24
1783327020000,162.238,162.25,162.236,162.25
1783327080000,162.251,162.256,162.25,162.255
1783327140000,162.254,162.259,162.253,162.255
1783327200000,162.255,162.255,162.238,162.239
1783327260000,162.239,162.252,162.23,162.249
1783327320000,162.25,162.253,162.242,162.244
1783327380000,162.245,162.252,162.245,162.249
1783327440000,162.249,162.249,162.244,162.248
1783327500000,162.246,162.25,162.244,162.246
1783327560000,162.248,162.252,162.243,162.247
1783327620000,162.246,162.252,162.242,162.242
1783327680000,162.241,162.249,162.241,162.243
1783327740000,162.243,162.265,162.241,162.251
1783327800000,162.25,162.254,162.244,162.245
1783327860000,162.246,162.246,162.233,162.243
1783327920000,162.242,162.257,162.242,162.243
1783327980000,162.246,162.263,162.244,162.244
1783328040000,162.246,162.246,162.242,162.242
1783328100000,162.241,162.251,162.24,162.248
1783328160000,162.247,162.26,162.246,162.258
1783328220000,162.257,162.257,162.252,162.252
1783328280000,162.253,162.253,162.245,162.245
1783328340000,162.243,162.248,162.239,162.245
1783328400000,162.246,162.255,162.241,162.244
1783328460000,162.243,162.253,162.243,162.245
1783328520000,162.245,162.25,162.241,162.243
1783328580000,162.244,162.245,162.238,162.238
1783328640000,162.236,162.244,162.228,162.244
1783328700000,162.245,162.254,162.241,162.254
1783328760000,162.253,162.256,162.245,162.255
1783328820000,162.255,162.255,162.242,162.249
1783328880000,162.249,162.254,162.248,162.254
1783328940000,162.254,162.261,162.252,162.252
1783329000000,162.254,162.292,162.254,162.284
1783329060000,162.287,162.294,162.285,162.292
1783329120000,162.294,162.298,162.289,162.294
1783329180000,162.296,162.298,162.281,162.287
1783329240000,162.287,162.287,162.277,162.278
1783329300000,162.278,162.286,162.278,162.279
1783329360000,162.281,162.284,162.257,162.259
1783329420000,162.258,162.267,162.257,162.266
1783329480000,162.265,162.274,162.265,162.27
1783329540000,162.271,162.28,162.27,162.279
1783329600000,162.281,162.291,162.275,162.283
1783329660000,162.282,162.283,162.274,162.278
1783329720000,162.277,162.283,162.271,162.271
1783329780000,162.27,162.281,162.27,162.279
1783329840000,162.279,162.282,162.279,162.28
1783329900000,162.28,162.281,162.272,162.274
1783329960000,162.273,162.279,162.271,162.278
1783330020000,162.279,162.295,162.277,162.294
1783330080000,162.298,162.301,162.293,162.294
1783330140000,162.295,162.295,162.277,162.288
1783330200000,162.289,162.301,162.289,162.294
1783330260000,162.295,162.295,162.29,162.294
1783330320000,162.295,162.296,162.291,162.291
1783330380000,162.29,162.295,162.284,162.291
1783330440000,162.292,162.294,162.271,162.272
1783330500000,162.274,162.28,162.272,162.274
1783330560000,162.27,162.28,162.258,162.265
1783330620000,162.267,162.271,162.265,162.271
1783330680000,162.271,162.271,162.267,162.268
1783330740000,162.268,162.271,162.268,162.27
1783330800000,162.27,162.27,162.252,162.252
1783330860000,162.253,162.27,162.253,162.269
1783330920000,162.271,162.272,162.257,162.258
1783330980000,162.262,162.265,162.254,162.263
1783331040000,162.264,162.273,162.264,162.27
1783331100000,162.271,162.285,162.269,162.285
1783331160000,162.29,162.293,162.285,162.292
1783331220000,162.293,162.294,162.284,162.284
1783331280000,162.283,162.287,162.282,162.287
1783331340000,162.289,162.299,162.287,162.299
1783331400000,162.299,162.299,162.287,162.288
1783331460000,162.287,162.292,162.283,162.286
1783331520000,162.287,162.309,162.287,162.309
1783331580000,162.309,162.321,162.309,162.318
1783331640000,162.317,162.347,162.317,162.332
1783331700000,162.331,162.331,162.319,162.324
1783331760000,162.325,162.327,162.313,162.318
1783331820000,162.318,162.324,162.306,162.323
1783331880000,162.324,162.324,162.318,162.318
1783331940000,162.318,162.33,162.318,162.329
1783332000000,162.329,162.333,162.321,162.321
1783332060000,162.32,162.327,162.318,162.322
1783332120000,162.323,162.401,162.323,162.401
1783332180000,162.404,162.41,162.366,162.372
1783332240000,162.372,162.377,162.359,162.362
1783332300000,162.363,162.363,162.343,162.354
1783332360000,162.355,162.373,162.352,162.371
1783332420000,162.372,162.372,162.342,162.349
1783332480000,162.347,162.348,162.331,162.331
1783332540000,162.332,162.345,162.331,162.345
1783332600000,162.347,162.348,162.336,162.344
1783332660000,162.343,162.344,162.336,162.341
1783332720000,162.341,162.341,162.335,162.339
1783332780000,162.338,162.348,162.338,162.345
1783332840000,162.343,162.345,162.254,162.258
1783332900000,162.256,162.302,162.256,162.28
1783332960000,162.28,162.287,162.263,162.286
1783333020000,162.286,162.297,162.285,162.295
1783333080000,162.296,162.311,162.293,162.294
1783333140000,162.293,162.293,162.27,162.281
1783333200000,162.281,162.285,162.275,162.284
1783333260000,162.283,162.291,162.281,162.289
1783333320000,162.29,162.294,162.277,162.28
1783333380000,162.281,162.298,162.281,162.297
1783333440000,162.298,162.299,162.291,162.296
1783333500000,162.296,162.302,162.295,162.3
1783333560000,162.3,162.313,162.299,162.313
1783333620000,162.32,162.336,162.316,162.336
1783333680000,162.336,162.339,162.335,162.337
1783333740000,162.335,162.336,162.326,162.335
1783333800000,162.337,162.348,162.336,162.346
1783333860000,162.348,162.348,162.323,162.328
1783333920000,162.331,162.332,162.324,162.329
1783333980000,162.329,162.333,162.326,162.331
1783334040000,162.332,162.333,162.323,162.326
1783334100000,162.327,162.34,162.327,162.336
1783334160000,162.335,162.337,162.305,162.305
1783334220000,162.304,162.314,162.303,162.313
1783334280000,162.315,162.325,162.315,162.324
1783334340000,162.323,162.329,162.315,162.319
1783334400000,162.321,162.329,162.321,162.328
1783334460000,162.327,162.329,162.311,162.313
1783334520000,162.313,162.315,162.309,162.311
1783334580000,162.311,162.32,162.308,162.319
1783334640000,162.318,162.326,162.309,162.31
1783334700000,162.31,162.312,162.304,162.306
1783334760000,162.306,162.307,162.305,162.307
1783334820000,162.307,162.32,162.306,162.319
1783334880000,162.323,162.323,162.304,162.311
1783334940000,162.312,162.319,162.307,162.319
1783335000000,162.319,162.321,162.31,162.31
1783335060000,162.309,162.315,162.307,162.312
1783335120000,162.312,162.316,162.299,162.299
1783335180000,162.3,162.308,162.3,162.307
1783335240000,162.305,162.308,162.3,162.301
1783335300000,162.302,162.311,162.3,162.311
1783335360000,162.31,162.323,162.305,162.323
1783335420000,162.321,162.322,162.31,162.311
1783335480000,162.311,162.312,162.303,162.305
1783335540000,162.306,162.31,162.305,162.307
1783335600000,162.306,162.31,162.306,162.307
1783335660000,162.309,162.319,162.306,162.318
1783335720000,162.319,162.321,162.308,162.31
1783335780000,162.311,162.312,162.308,162.311
1783335840000,162.31,162.319,162.31,162.318
1783335900000,162.318,162.318,162.305,162.307
1783335960000,162.306,162.31,162.305,162.306
1783336020000,162.305,162.306,162.294,162.303
1783336080000,162.303,162.307,162.302,162.303
1783336140000,162.302,162.306,162.294,162.294
1783336200000,162.295,162.295,162.29,162.293
1783336260000,162.295,162.295,162.283,162.287
1783336320000,162.288,162.29,162.282,162.283
1783336380000,162.286,162.293,162.281,162.293
1783336440000,162.292,162.305,162.29,162.301
1783336500000,162.299,162.301,162.298,162.3
1783336560000,162.299,162.306,162.299,162.306
1783336620000,162.306,162.306,162.301,162.304
1783336680000,162.304,162.304,162.299,162.302
1783336740000,162.302,162.304,162.299,162.299
1783336800000,162.3,162.301,162.298,162.3
1783336860000,162.299,162.317,162.299,162.309
1783336920000,162.308,162.308,162.3,162.3
1783336980000,162.301,162.303,162.298,162.3
1783337040000,162.302,162.311,162.3,162.311
1783337100000,162.309,162.313,162.304,162.306
1783337160000,162.307,162.307,162.299,162.301
1783337220000,162.301,162.308,162.298,162.307
1783337280000,162.307,162.307,162.284,162.288
1783337340000,162.289,162.295,162.286,162.294
1783337400000,162.294,162.307,162.291,162.3
1783337460000,162.299,162.303,162.29,162.294
1783337520000,162.295,162.298,162.29,162.298
1783337580000,162.297,162.302,162.293,162.3
1783337640000,162.299,162.306,162.298,162.305
1783337700000,162.306,162.306,162.304,162.306
1783337760000,162.305,162.318,162.305,162.312
1783337820000,162.312,162.319,162.306,162.314
1783337880000,162.314,162.32,162.312,162.32
1783337940000,162.319,162.321,162.317,162.318
1783338000000,162.319,162.321,162.317,162.318
1783338060000,162.318,162.319,162.312,162.317
1783338120000,162.316,162.318,162.309,162.318
1783338180000,162.316,162.321,162.313,162.318
1783338240000,162.318,162.322,162.314,162.318
1783338300000,162.317,162.318,162.301,162.317
1783338360000,162.318,162.319,162.311,162.318
1783338420000,162.318,162.318,162.309,162.318
1783338480000,162.318,162.318,162.308,162.317
1783338540000,162.318,162.333,162.317,162.333
1783338600000,162.334,162.346,162.332,162.345
1783338660000,162.345,162.346,162.334,162.336
1783338720000,162.336,162.342,162.334,162.336
1783338780000,162.337,162.337,162.331,162.332
1783338840000,162.332,162.349,162.332,162.34
1783338900000,162.339,162.348,162.338,162.342
1783338960000,162.343,162.355,162.342,162.353
1783339020000,162.353,162.353,162.328,162.33
1783339080000,162.331,162.335,162.324,162.325
1783339140000,162.329,162.333,162.328,162.333
1783339200000,162.331,162.333,162.32,162.33
1783339260000,162.331,162.349,162.33,162.345
1783339320000,162.345,162.347,162.337,162.342
1783339380000,162.342,162.342,162.329,162.332
1783339440000,162.333,162.334,162.311,162.315
1783339500000,162.316,162.324,162.301,162.31
1783339560000,162.311,162.33,162.306,162.32
1783339620000,162.32,162.332,162.32,162.332
1783339680000,162.332,162.338,162.331,162.336
1783339740000,162.336,162.336,162.325,162.332
1783339800000,162.333,162.342,162.332,162.337
1783339860000,162.339,162.339,162.333,162.333
1783339920000,162.333,162.335,162.326,162.333
1783339980000,162.331,162.335,162.327,162.329
1783340040000,162.33,162.331,162.318,162.32
1783340100000,162.32,162.32,162.308,162.311
1783340160000,162.312,162.324,162.311,162.319
1783340220000,162.319,162.32,162.309,162.319
1783340280000,162.32,162.32,162.312,162.312
1783340340000,162.313,162.323,162.309,162.319
1783340400000,162.319,162.328,162.319,162.322
1783340460000,162.321,162.331,162.321,162.329
1783340520000,162.323,162.33,162.319,162.33
1783340580000,162.33,162.342,162.329,162.338
1783340640000,162.338,162.342,162.334,162.338
1783340700000,162.338,162.343,162.332,162.335
1783340760000,162.337,162.343,162.333,162.336
1783340820000,162.337,162.348,162.335,162.345
1783340880000,162.345,162.345,162.334,162.334
1783340940000,162.333,162.345,162.331,162.343
1783341000000,162.345,162.346,162.34,162.343
1783341060000,162.343,162.346,162.323,162.341
1783341120000,162.34,162.342,162.331,162.333
1783341180000,162.333,162.35,162.333,162.347
1783341240000,162.349,162.368,162.346,162.361
1783341300000,162.363,162.381,162.363,162.373
1783341360000,162.373,162.381,162.367,162.369
1783341420000,162.37,162.372,162.36,162.36
1783341480000,162.361,162.368,162.361,162.364
1783341540000,162.366,162.381,162.364,162.372
1783341600000,162.373,162.384,162.371,162.38
1783341660000,162.379,162.387,162.379,162.387
1783341720000,162.391,162.394,162.383,162.386
1783341780000,162.384,162.397,162.383,162.394
1783341840000,162.396,162.41,162.386,162.388
1783341900000,162.391,162.391,162.384,162.388
1783341960000,162.388,162.394,162.383,162.383
1783342020000,162.384,162.388,162.362,162.368
1783342080000,162.367,162.376,162.366,162.375
1783342140000,162.376,162.376,162.369,162.371
1783342200000,162.371,162.372,162.355,162.355
1783342260000,162.354,162.359,162.354,162.359
1783342320000,162.357,162.368,162.356,162.361
1783342380000,162.363,162.369,162.358,162.369
1783342440000,162.368,162.378,162.363,162.364
1783342500000,162.363,162.381,162.363,162.377
1783342560000,162.376,162.384,162.373,162.382
1783342620000,162.383,162.424,162.378,162.423
1783342680000,162.423,162.425,162.403,162.406
1783342740000,162.407,162.414,162.395,162.395
1783342800000,162.397,162.419,162.397,162.417
1783342860000,162.415,162.415,162.395,162.396
1783342920000,162.396,162.415,162.392,162.414
1783342980000,162.415,162.415,162.397,162.397
1783343040000,162.397,162.41,162.395,162.396
1783343100000,162.397,162.397,162.386,162.386
1783343160000,162.387,162.387,162.375,162.379
1783343220000,162.379,162.384,162.375,162.379
1783343280000,162.38,162.387,162.379,162.384
1783343340000,162.387,162.389,162.375,162.377
1783343400000,162.378,162.384,162.374,162.375
1783343460000,162.373,162.375,162.371,162.372
1783343520000,162.374,162.375,162.334,162.336
1783343580000,162.335,162.361,162.31,162.359
1783343640000,162.36,162.364,162.356,162.362
1783343700000,162.361,162.362,162.344,162.346
1783343760000,162.345,162.358,162.345,162.351
1783343820000,162.351,162.351,162.332,162.336
1783343880000,162.336,162.357,162.336,162.355
1783343940000,162.357,162.358,162.342,162.343
1783344000000,162.344,162.356,162.341,162.348
1783344060000,162.347,162.347,162.333,162.336
1783344120000,162.335,162.335,162.316,162.32
1783344180000,162.321,162.321,162.316,162.318
1783344240000,162.319,162.324,162.31,162.324
1783344300000,162.326,162.328,162.323,162.327
1783344360000,162.327,162.33,162.324,162.326
1783344420000,162.325,162.332,162.321,162.327
1783344480000,162.327,162.341,162.325,162.334
1783344540000,162.334,162.338,162.328,162.336
1783344600000,162.336,162.358,162.332,162.358
1783344660000,162.357,162.36,162.322,162.322
1783344720000,162.323,162.36,162.322,162.357
1783344780000,162.358,162.364,162.353,162.357
1783344840000,162.358,162.36,162.356,162.358
1783344900000,162.359,162.373,162.355,162.371
1783344960000,162.372,162.372,162.356,162.37
1783345020000,162.369,162.385,162.364,162.372
1783345080000,162.371,162.371,162.35,162.357
1783345140000,162.355,162.358,162.343,162.357
1783345200000,162.357,162.359,162.347,162.356
1783345260000,162.357,162.36,162.346,162.359
1783345320000,162.358,162.363,162.351,162.352
1783345380000,162.355,162.359,162.338,162.356
1783345440000,162.357,162.359,162.349,162.357
1783345500000,162.356,162.387,162.356,162.373
1783345560000,162.373,162.375,162.36,162.36
1783345620000,162.359,162.365,162.357,162.365
1783345680000,162.368,162.375,162.356,162.359
1783345740000,162.359,162.36,162.347,162.348
1783345800000,162.348,162.35,162.343,162.348
1783345860000,162.346,162.346,162.332,162.334
1783345920000,162.334,162.349,162.333,162.343
1783345980000,162.345,162.345,162.332,162.336
1783346040000,162.338,162.339,162.322,162.334
1783346100000,162.333,162.336,162.329,162.33
1783346160000,162.33,162.336,162.329,162.331
1783346220000,162.332,162.343,162.331,162.343
1783346280000,162.344,162.345,162.331,162.338
1783346340000,162.337,162.343,162.33,162.335
